-0.2 -0.2 0.237237 1 74 0.00483136 307.977 6261.46
-0.194 -0.194 0.23012 1 74 0.0100628 259.357 5313.1
-0.188 -0.188 0.223003 1 75 0.0158038 218.02 4507.8
-0.182 -0.182 0.215886 1 75 0.0220219 182.882 3823.96
-0.176 -0.176 0.208769 1 177 0.0377982 153.021 3242.93
-0.17 -0.17 0.201651 1 370 0.0734246 127.654 2748.8
-0.164 -0.164 0.194534 1 438 0.119108 106.119 2328.09
-0.158 -0.158 0.187417 1 454 0.170428 87.8554 1969.52
-0.152 -0.152 0.1803 1 464 0.227289 72.386 1663.75
-0.146 -0.146 0.173183 1 474 0.290274 59.3038 1403.07
-0.14 -0.14 0.166066 1 485 0.360175 48.26 1181.03
-0.134 -0.134 0.158949 1 515 0.440698 38.954 992.211
-0.128 -0.128 0.151832 1 535 0.53148 31.1274 831.946
-0.122 -0.122 0.144715 1 557 0.63409 24.5573 696.185
-0.116 -0.116 0.137597 1 629 0.75992 19.0527 581.385
-0.11 -0.11 0.13048 1 628 0.896431 14.45 484.45
-0.104 -0.104 0.123363 1 698 1.06136 10.6098 402.692
-0.098 -0.098 0.116246 1 781 1.26209 7.41361 333.8
-0.092 -0.092 0.109129 1 906 1.51564 4.76106 275.797
-0.086 -0.086 0.102012 1 1129 63.0483 2.56696 227.007
-0.08 -0.08 0.0948948 1 1578 89.7816 0.759181 186.011
-0.074 -0.074 0.0877777 1 1878 90.8179 -0.723394 151.612
-0.068 -0.068 0.0806606 1 2393 92.4314 -1.93256 122.795
-0.062 -0.062 0.0735435 1 2171 95.1747 -2.91217 98.7036
-0.056 -0.056 0.0664263 2 9754 120.49 -3.69952 78.6095
-0.05 -0.05 0.0593092 2 1000 6.09493 -4.32609 61.8961
-0.044 -0.044 0.0521921 2 1000 7.30324 -4.81854 48.0396
-0.038 -0.038 0.045075 2 1000 8.51154 -5.19948 36.5945
-0.032 -0.032 0.0379579 2 1000 9.71985 -5.48797 27.1825
-0.026 -0.026 0.0308408 2 1000 10.9282 -5.70016 19.4819
-0.02 -0.02 0.0237237 2 1000 12.1365 -5.84961 13.2195
-0.014 -0.014 0.0166066 2 1000 13.3448 -5.9478 8.1631
-0.008 -0.008 0.00948948 2 1000 14.5531 -6.00435 4.1152
-0.002 -0.002 0.00237237 2 1000 15.7614 -6.02735 0.907778
0.004 0.004 -0.00474474 2 1000 16.9697 -6.02354 -1.60253
0.01 0.01 -0.0118618 2 1000 18.178 -5.99857 -3.53849
0.016 0.016 -0.018979 2 1000 19.3863 -5.95712 -5.00599
0.022 0.022 -0.0260961 2 1000 20.5946 -5.903 -6.09727
0.028 0.028 -0.0332132 2 1000 21.8029 -5.83932 -6.89391
0.034 0.034 -0.0403303 2 1000 23.0112 -5.76855 -7.46927
0.04 0.04 -0.0474474 2 1000 24.2195 -5.69252 -7.89049
0.046 0.046 -0.0545645 2 1000 25.4278 -5.61258 -8.21979
0.052 0.052 -0.0616816 2 1000 26.6361 -5.52954 -8.51477
0.058 0.058 -0.0687987 2 1000 27.8444 -5.44375 -8.82756
0.064 0.064 -0.0759158 2 1000 29.0527 -5.35516 -9.20266
0.07 0.07 -0.0830329 2 1000 30.261 -5.26334 -9.67345
0.076 0.076 -0.09015 2 1000 31.4693 -5.16753 -10.2578
0.082 0.082 -0.0972671 2 1000 32.6776 -5.0667 -10.9532
0.088 0.088 -0.104384 2 1000 33.8859 -4.95962 -11.7327
0.094 0.094 -0.111501 2 1000 35.0943 -4.84483 -12.543
0.1 0.1 -0.118618 2 1000 36.3026 -4.72077 -13.3051
0.106 0.106 -0.125736 2 1000 37.5109 -4.58608 -13.92
0.112 0.112 -0.132853 2 10476 75.7065 -4.44008 -14.2785
0.118 0.118 -0.13997 1 550 39.3849 -4.28354 -14.2717
0.124 0.124 -0.147087 1 326 39.7801 -4.12053 -13.8193
0.13 0.13 -0.154204 1 226 40.0543 -3.95812 -12.8672
0.136 0.136 -0.161321 1 169 40.2598 -3.8073 -11.4131
0.142 0.142 -0.168438 1 136 40.4253 -3.68158 -9.50952
0.148 0.148 -0.175555 1 117 40.5679 -3.59445 -7.26343
0.154 0.154 -0.182672 1 109 40.7008 -3.55622 -4.82645
0.16 0.16 -0.18979 1 109 40.8337 -3.5712 -2.37801
0.166 0.166 -0.196907 1 119 40.9787 -3.63654 -0.103597
0.172 0.172 -0.204024 1 141 41.1503 -3.74303 1.82801
0.178 0.178 -0.211141 1 179 41.3678 -3.87771 3.28486
0.184 0.184 -0.218258 1 243 41.6626 -4.02712 4.18544
0.19 0.19 -0.225375 1 385 42.129 -4.1795 4.50602
0.196 0.196 -0.232492 2 10837 88.8009 -4.3268 4.27602
0.202 0.202 -0.239609 2 1000 44.5456 -4.46427 3.56963
0.208 0.208 -0.246726 2 1000 45.7539 -4.58973 2.49091
0.214 0.214 -0.253844 2 1000 46.9622 -4.70232 1.15745
0.22 0.22 -0.260961 2 1000 48.1705 -4.80145 -0.314942
0.226 0.226 -0.268078 2 1000 49.3788 -4.88598 -1.82438
0.232 0.232 -0.275195 2 1000 50.5871 -4.95367 -3.2906
0.238 0.238 -0.282312 2 1000 51.7954 -5.00064 -4.6581
0.244 0.244 -0.289429 2 1000 53.0037 -5.02089 -5.89533
0.25 0.25 -0.296546 2 1000 54.212 -5.00554 -6.99115
0.256 0.256 -0.303663 2 1000 55.4204 -4.94192 -7.94967
0.262 0.262 -0.31078 2 1000 56.6287 -4.81236 -8.78496
0.268 0.268 -0.317898 2 1000 57.837 -4.59262 -9.51611
0.274 0.274 -0.325015 2 1000 59.0453 -4.24984 -10.1635
0.28 0.28 -0.332132 2 11197 108.704 -3.73992 -10.7462
0.286 0.286 -0.339249 1 2449 93.6438 -3.00405 -11.2804
0.292 0.292 -0.346366 1 1527 91.3699 -1.96428 -11.7793
0.298 0.298 -0.353483 1 1087 90.1145 -0.517476 -12.2525
0.304 0.304 -0.3606 1 901 61.6543 1.47213 -12.7071
0.31 0.31 -0.367717 1 798 61.8378 4.18309 -13.1478
0.316 0.316 -0.374834 1 730 61.9838 7.84974 -13.5778
0.322 0.322 -0.381951 1 685 62.1031 12.7792 -13.9984
0.328 0.328 -0.389069 1 668 62.2045 19.3735 -14.4127
0.334 0.334 -0.396186 1 626 62.2874 28.1585 -14.821
0.34 0.34 -0.403303 1 623 62.3595 39.821 -15.2245
0.346 0.346 -0.41042 1 611 62.4212 55.2582 -15.6244
0.352 0.352 -0.417537 1 600 62.4742 75.6404 -16.022
0.358 0.358 -0.424654 1 583 62.5192 102.494 -16.419
0.364 0.364 -0.431771 1 573 62.5579 137.809 -16.8176
0.37 0.37 -0.438888 1 565 62.5914 184.177 -17.22
0.376 0.376 -0.446005 1 558 62.6203 244.976 -17.6292
0.382 0.382 -0.453123 1 564 62.6458 324.601 -18.0482
0.388 0.388 -0.46024 1 560 62.6681 428.775 -18.4806
0.394 0.394 -0.467357 1 555 62.6874 564.946 -18.9305
0.4 0.4 -0.474474 1 530 62.7035 742.804 -19.4022
