-0.2 -0.2 0.237237
-0.197 -0.197 0.233678
-0.194 -0.194 0.23012
-0.191 -0.191 0.226561
-0.188 -0.188 0.223003
-0.185 -0.185 0.219444
-0.182 -0.182 0.215886
-0.179 -0.179 0.212327
-0.176 -0.176 0.208769
-0.173 -0.173 0.20521
-0.17 -0.17 0.201651
-0.167 -0.167 0.198093
-0.164 -0.164 0.194534
-0.161 -0.161 0.190976
-0.158 -0.158 0.187417
-0.155 -0.155 0.183859
-0.152 -0.152 0.1803
-0.149 -0.149 0.176742
-0.146 -0.146 0.173183
-0.143 -0.143 0.169624
-0.14 -0.14 0.166066
-0.137 -0.137 0.162507
-0.134 -0.134 0.158949
-0.131 -0.131 0.15539
-0.128 -0.128 0.151832
-0.125 -0.125 0.148273
-0.122 -0.122 0.144715
-0.119 -0.119 0.141156
-0.116 -0.116 0.137597
-0.113 -0.113 0.134039
-0.11 -0.11 0.13048
-0.107 -0.107 0.126922
-0.104 -0.104 0.123363
-0.101 -0.101 0.119805
-0.098 -0.098 0.116246
-0.095 -0.095 0.112688
-0.092 -0.092 0.109129
-0.089 -0.089 0.10557
-0.086 -0.086 0.102012
-0.083 -0.083 0.0984533
-0.08 -0.08 0.0948948
-0.077 -0.077 0.0913362
-0.074 -0.074 0.0877777
-0.071 -0.071 0.0842191
-0.068 -0.068 0.0806606
-0.065 -0.065 0.077102
-0.062 -0.062 0.0735435
-0.059 -0.059 0.0699849
-0.056 -0.056 0.0664263
-0.053 -0.053 0.0628678
-0.05 -0.05 0.0593092
-0.047 -0.047 0.0557507
-0.044 -0.044 0.0521921
-0.041 -0.041 0.0486336
-0.038 -0.038 0.045075
-0.035 -0.035 0.0415165
-0.032 -0.032 0.0379579
-0.029 -0.029 0.0343994
-0.026 -0.026 0.0308408
-0.023 -0.023 0.0272822
-0.02 -0.02 0.0237237
-0.017 -0.017 0.0201651
-0.014 -0.014 0.0166066
-0.011 -0.011 0.013048
-0.008 -0.008 0.00948948
-0.005 -0.005 0.00593092
-0.002 -0.002 0.00237237
0.001 0.001 -0.00118618
0.004 0.004 -0.00474474
0.007 0.007 -0.00830329
0.01 0.01 -0.0118618
0.013 0.013 -0.0154204
0.016 0.016 -0.018979
0.019 0.019 -0.0225375
0.022 0.022 -0.0260961
0.025 0.025 -0.0296546
0.028 0.028 -0.0332132
0.031 0.031 -0.0367717
0.034 0.034 -0.0403303
0.037 0.037 -0.0438888
0.04 0.04 -0.0474474
0.043 0.043 -0.0510059
0.046 0.046 -0.0545645
0.049 0.049 -0.0581231
0.052 0.052 -0.0616816
0.055 0.055 -0.0652402
0.058 0.058 -0.0687987
0.061 0.061 -0.0723573
0.064 0.064 -0.0759158
0.067 0.067 -0.0794744
0.07 0.07 -0.0830329
0.073 0.073 -0.0865915
0.076 0.076 -0.09015
0.079 0.079 -0.0937086
0.082 0.082 -0.0972671
0.085 0.085 -0.100826
0.088 0.088 -0.104384
0.091 0.091 -0.107943
0.094 0.094 -0.111501
0.097 0.097 -0.11506
0.1 0.1 -0.118618
0.103 0.103 -0.122177
0.106 0.106 -0.125736
0.109 0.109 -0.129294
0.112 0.112 -0.132853
0.115 0.115 -0.136411
0.118 0.118 -0.13997
0.121 0.121 -0.143528
0.124 0.124 -0.147087
0.127 0.127 -0.150645
0.13 0.13 -0.154204
0.133 0.133 -0.157763
0.136 0.136 -0.161321
0.139 0.139 -0.16488
0.142 0.142 -0.168438
0.145 0.145 -0.171997
0.148 0.148 -0.175555
0.151 0.151 -0.179114
0.154 0.154 -0.182672
0.157 0.157 -0.186231
0.16 0.16 -0.18979
0.163 0.163 -0.193348
0.166 0.166 -0.196907
0.169 0.169 -0.200465
0.172 0.172 -0.204024
0.175 0.175 -0.207582
0.178 0.178 -0.211141
0.181 0.181 -0.214699
0.184 0.184 -0.218258
0.187 0.187 -0.221817
0.19 0.19 -0.225375
0.193 0.193 -0.228934
0.196 0.196 -0.232492
0.199 0.199 -0.236051
0.202 0.202 -0.239609
0.205 0.205 -0.243168
0.208 0.208 -0.246726
0.211 0.211 -0.250285
0.214 0.214 -0.253844
0.217 0.217 -0.257402
0.22 0.22 -0.260961
0.223 0.223 -0.264519
0.226 0.226 -0.268078
0.229 0.229 -0.271636
0.232 0.232 -0.275195
0.235 0.235 -0.278753
0.238 0.238 -0.282312
0.241 0.241 -0.285871
0.244 0.244 -0.289429
0.247 0.247 -0.292988
0.25 0.25 -0.296546
0.253 0.253 -0.300105
0.256 0.256 -0.303663
0.259 0.259 -0.307222
0.262 0.262 -0.31078
0.265 0.265 -0.314339
0.268 0.268 -0.317898
0.271 0.271 -0.321456
0.274 0.274 -0.325015
0.277 0.277 -0.328573
0.28 0.28 -0.332132
0.283 0.283 -0.33569
0.286 0.286 -0.339249
0.289 0.289 -0.342807
0.292 0.292 -0.346366
0.295 0.295 -0.349925
0.298 0.298 -0.353483
0.301 0.301 -0.357042
0.304 0.304 -0.3606
0.307 0.307 -0.364159
0.31 0.31 -0.367717
0.313 0.313 -0.371276
0.316 0.316 -0.374834
0.319 0.319 -0.378393
0.322 0.322 -0.381951
0.325 0.325 -0.38551
0.328 0.328 -0.389069
0.331 0.331 -0.392627
0.334 0.334 -0.396186
0.337 0.337 -0.399744
0.34 0.34 -0.403303
0.343 0.343 -0.406861
0.346 0.346 -0.41042
0.349 0.349 -0.413978
0.352 0.352 -0.417537
0.355 0.355 -0.421096
0.358 0.358 -0.424654
0.361 0.361 -0.428213
0.364 0.364 -0.431771
0.367 0.367 -0.43533
0.37 0.37 -0.438888
0.373 0.373 -0.442447
0.376 0.376 -0.446005
0.379 0.379 -0.449564
0.382 0.382 -0.453123
0.385 0.385 -0.456681
0.388 0.388 -0.46024
0.391 0.391 -0.463798
0.394 0.394 -0.467357
0.397 0.397 -0.470915
0.4 0.4 -0.474474
