-0.2 -0.2 0.237237 1 77 0.00502462 307.977 -15.6536
-0.197 -0.197 0.233678 1 77 0.0102531 282.682 -14.4198
-0.194 -0.194 0.23012 1 81 0.0159728 259.357 -13.2828
-0.191 -0.191 0.226561 1 82 0.0219975 237.85 -12.235
-0.188 -0.188 0.223003 1 241 0.040278 218.02 -11.2695
-0.185 -0.185 0.219444 1 400 0.0718021 199.738 -10.3798
-0.182 -0.182 0.215886 1 445 0.108293 182.882 -9.55989
-0.179 -0.179 0.212327 1 456 0.147208 167.344 -8.80412
-0.176 -0.176 0.208769 1 460 0.188067 153.021 -8.10734
-0.173 -0.173 0.20521 1 458 0.230411 139.819 -7.46476
-0.17 -0.17 0.201651 1 459 0.274584 127.654 -6.87201
-0.167 -0.167 0.198093 1 462 0.320867 116.444 -6.32505
-0.164 -0.164 0.194534 1 465 0.36936 106.119 -5.82022
-0.161 -0.161 0.190976 1 468 0.42017 96.6099 -5.35415
-0.158 -0.158 0.187417 1 472 0.47352 87.8554 -4.92379
-0.155 -0.155 0.183859 1 478 0.529773 79.7983 -4.52637
-0.152 -0.152 0.1803 1 483 0.588957 72.386 -4.15938
-0.149 -0.149 0.176742 1 488 0.651222 65.5696 -3.82051
-0.146 -0.146 0.173183 1 493 0.716726 59.3038 -3.50767
-0.143 -0.143 0.169624 1 498 0.785636 53.5469 -3.21894
-0.14 -0.14 0.166066 1 495 0.856975 48.26 -2.95258
-0.137 -0.137 0.162507 1 499 0.93188 43.4068 -2.70694
-0.134 -0.134 0.158949 1 506 1.011 38.954 -2.48053
-0.131 -0.131 0.15539 1 514 1.09472 34.8705 -2.27194
-0.128 -0.128 0.151832 1 534 1.18533 31.1274 -2.07987
-0.125 -0.125 0.148273 1 546 1.28186 27.6979 -1.90309
-0.122 -0.122 0.144715 1 558 1.38466 24.5573 -1.74046
-0.119 -0.119 0.141156 1 612 1.50213 21.6827 -2.48581
-0.116 -0.116 0.137597 1 589 1.61997 19.0527 -2.27103
-0.113 -0.113 0.134039 1 600 1.74509 16.6478 -2.07368
-0.11 -0.11 0.13048 1 620 1.87987 14.45 -1.89238
-0.107 -0.107 0.126922 1 644 2.02581 12.4424 -1.72589
-0.104 -0.104 0.123363 1 673 2.18484 10.6098 -1.57302
-0.101 -0.101 0.119805 1 708 2.35931 8.93784 -1.43269
-0.098 -0.098 0.116246 1 743 2.55029 7.41361 -1.30391
-0.095 -0.095 0.112688 1 794 2.76321 6.02504 -1.18574
-0.092 -0.092 0.109129 1 860 3.0039 4.76106 -1.07733
-0.089 -0.089 0.10557 1 948 3.28095 3.61149 -0.977909
-0.086 -0.086 0.102012 1 1100 125.536 2.56696 -0.886746
-0.083 -0.083 0.0984533 1 1341 152.171 1.61884 -0.803182
-0.08 -0.08 0.0948948 1 1462 152.986 0.759181 -0.726607
-0.077 -0.077 0.0913362 1 1683 153.984 -0.0193195 -0.656462
-0.074 -0.074 0.0877777 1 1852 155.206 -0.723394 -0.592233
-0.071 -0.071 0.0842191 1 2124 156.804 -1.35924 -0.533447
-0.068 -0.068 0.0806606 1 2268 158.949 -1.93256 -0.479667
-0.065 -0.065 0.077102 1 2342 162.526 -2.44856 -0.430497
-0.062 -0.062 0.0735435 1 2610 177.896 -2.91217 -0.385561
-0.059 -0.059 0.0699849 1 1990 180.301 -3.32779 -0.344522
-0.056 -0.056 0.0664263 2 9754 192.087 -3.69952 -0.307068
-0.053 -0.053 0.0628678 2 1000 10.6593 -4.03113 -0.27291
-0.05 -0.05 0.0593092 2 1000 11.8676 -4.32609 -0.241782
-0.047 -0.047 0.0557507 2 1000 13.0759 -4.58758 -0.213439
-0.044 -0.044 0.0521921 2 1000 14.2842 -4.81854 -0.187655
-0.041 -0.041 0.0486336 2 1000 15.4925 -5.02168 -0.164221
-0.038 -0.038 0.045075 2 1000 16.7008 -5.19948 -0.142947
-0.035 -0.035 0.0415165 2 1000 17.9091 -5.35421 -0.123655
-0.032 -0.032 0.0379579 2 1000 19.1174 -5.48797 -0.106181
-0.029 -0.029 0.0343994 2 1000 20.3257 -5.6027 -0.0903764
-0.026 -0.026 0.0308408 2 1000 21.534 -5.70016 -0.0761011
-0.023 -0.023 0.0272822 2 1000 22.7423 -5.78196 -0.0632278
-0.02 -0.02 0.0237237 2 1000 23.9507 -5.84961 -0.0516387
-0.017 -0.017 0.0201651 2 1000 25.159 -5.90448 -0.0412252
-0.014 -0.014 0.0166066 2 1000 26.3673 -5.9478 -0.0318871
-0.011 -0.011 0.013048 2 1000 27.5756 -5.98075 -0.0235321
-0.008 -0.008 0.00948948 2 1000 28.7839 -6.00435 -0.016075
-0.005 -0.005 0.00593092 2 1000 29.9922 -6.01959 -0.00943719
-0.002 -0.002 0.00237237 2 1000 31.2005 -6.02735 -0.00354601
0.001 0.001 -0.00118618 2 1000 32.4088 -6.02842 0.00166565
0.004 0.004 -0.00474474 2 1000 33.6171 -6.02354 0.00625988
0.007 0.007 -0.00830329 2 1000 34.8254 -6.01339 0.0102943
0.01 0.01 -0.0118618 2 1000 36.0337 -5.99857 0.0138222
0.013 0.013 -0.0154204 2 1000 37.242 -5.97965 0.0168935
0.016 0.016 -0.018979 2 1000 38.4503 -5.95712 0.0195546
0.019 0.019 -0.0225375 2 1000 39.6586 -5.93143 0.021849
0.022 0.022 -0.0260961 2 1000 40.8669 -5.903 0.0238175
0.025 0.025 -0.0296546 2 1000 42.0752 -5.87219 0.0254987
0.028 0.028 -0.0332132 2 1000 43.2835 -5.83932 0.0269293
0.031 0.031 -0.0367717 2 1000 44.4918 -5.80469 0.0281442
0.034 0.034 -0.0403303 2 1000 45.7001 -5.76855 0.0291768
0.037 0.037 -0.0438888 2 1000 46.9084 -5.73109 0.0300592
0.04 0.04 -0.0474474 2 1000 48.1167 -5.69252 0.0308222
0.043 0.043 -0.0510059 2 1000 49.3251 -5.65298 0.0314958
0.046 0.046 -0.0545645 2 1000 50.5334 -5.61258 0.0321086
0.049 0.049 -0.0581231 2 1000 51.7417 -5.57141 0.0326882
0.052 0.052 -0.0616816 2 1000 52.95 -5.52954 0.0332608
0.055 0.055 -0.0652402 2 1000 54.1583 -5.48698 0.0338514
0.058 0.058 -0.0687987 2 1000 55.3666 -5.44375 0.0344827
0.061 0.061 -0.0723573 2 1000 56.5749 -5.39983 0.0351755
0.064 0.064 -0.0759158 2 1000 57.7832 -5.35516 0.0359479
0.067 0.067 -0.0794744 2 1000 58.9915 -5.3097 0.0368147
0.07 0.07 -0.0830329 2 1000 60.1998 -5.26334 0.0377869
0.073 0.073 -0.0865915 2 1000 61.4081 -5.21599 0.0388713
0.076 0.076 -0.09015 2 1000 62.6164 -5.16753 0.0400695
0.079 0.079 -0.0937086 2 1000 63.8247 -5.11781 0.0413776
0.082 0.082 -0.0972671 2 1000 65.033 -5.0667 0.0427859
0.085 0.085 -0.100826 2 1000 66.2413 -5.01403 0.0442779
0.088 0.088 -0.104384 2 1000 67.4496 -4.95962 0.0458309
0.091 0.091 -0.107943 2 1000 68.6579 -4.90328 0.0474155
0.094 0.094 -0.111501 2 1000 69.8662 -4.84483 0.048996
0.097 0.097 -0.11506 2 1000 71.0745 -4.78405 0.0505307
0.1 0.1 -0.118618 2 1000 72.2828 -4.72077 0.051973
0.103 0.103 -0.122177 2 1000 73.4912 -4.65483 0.0426178
0.106 0.106 -0.125736 2 1000 74.6995 -4.58608 0.0435001
0.109 0.109 -0.129294 2 1000 75.9078 -4.51449 0.0441818
0.112 0.112 -0.132853 2 10476 138.194 -4.44008 0.0446202
0.115 0.115 -0.136411 1 846 78.1395 -4.36305 0.0447745
0.118 0.118 -0.13997 1 501 78.7461 -4.28354 0.044599
0.121 0.121 -0.143528 1 359 79.1811 -4.2025 0.0440805
0.124 0.124 -0.147087 1 286 79.5278 -4.12053 0.0431852
0.127 0.127 -0.150645 1 239 79.8178 -4.03864 0.0418972
0.13 0.13 -0.154204 1 205 80.0667 -3.95812 0.0402101
0.133 0.133 -0.157763 1 178 80.283 -3.88045 0.038128
0.136 0.136 -0.161321 1 157 80.4739 -3.8073 0.0356659
0.139 0.139 -0.16488 1 140 80.6443 -3.74042 0.03285
0.142 0.142 -0.168438 1 127 80.799 -3.68158 0.0297172
0.145 0.145 -0.171997 1 117 80.9416 -3.63243 0.0263147
0.148 0.148 -0.175555 1 110 81.0757 -3.59445 0.0226982
0.151 0.151 -0.179114 1 106 81.205 -3.56879 0.0189313
0.154 0.154 -0.182672 1 103 81.3306 -3.55622 0.0150827
0.157 0.157 -0.186231 1 103 81.4563 -3.55707 0.0112248
0.16 0.16 -0.18979 1 105 81.5844 -3.5712 0.00743127
0.163 0.163 -0.193348 1 109 81.7173 -3.59803 0.00377453
0.166 0.166 -0.196907 1 116 81.8587 -3.63654 0.000323742
0.169 0.169 -0.200465 1 125 82.0109 -3.6854 -0.00285739
0.172 0.172 -0.204024 1 137 82.1777 -3.74303 -0.00571252
0.175 0.175 -0.207582 1 152 82.3625 -3.80772 -0.00819422
0.178 0.178 -0.211141 1 171 82.5704 -3.87771 -0.0102652
0.181 0.181 -0.214699 1 195 82.8072 -3.95143 -0.011898
0.184 0.184 -0.218258 1 228 83.0839 -4.02712 -0.0130795
0.187 0.187 -0.221817 1 276 83.4186 -4.10353 -0.013805
0.19 0.19 -0.225375 1 360 83.8548 -4.1795 -0.0140813
0.193 0.193 -0.228934 1 567 84.5411 -4.25415 -0.0139253
0.196 0.196 -0.232492 2 10837 151.288 -4.3268 -0.0133626
0.199 0.199 -0.236051 2 1000 86.9577 -4.39695 -0.0124262
0.202 0.202 -0.239609 2 1000 88.166 -4.46427 -0.0111551
0.205 0.205 -0.243168 2 1000 89.3743 -4.52858 -0.00959245
0.208 0.208 -0.246726 2 1000 90.5826 -4.58973 -0.00778409
0.211 0.211 -0.250285 2 1000 91.7909 -4.64767 -0.00577682
0.214 0.214 -0.253844 2 1000 92.9992 -4.70232 -0.00361704
0.217 0.217 -0.257402 2 1000 94.2075 -4.75362 -0.00134942
0.22 0.22 -0.260961 2 1000 95.4158 -4.80145 0.000984194
0.223 0.223 -0.264519 2 1000 96.6241 -4.84565 0.00334567
0.226 0.226 -0.268078 2 1000 97.8325 -4.88598 0.0057012
0.229 0.229 -0.271636 2 1000 99.0408 -4.92213 0.00802173
0.232 0.232 -0.275195 2 1000 100.249 -4.95367 0.0102831
0.235 0.235 -0.278753 2 1000 101.457 -4.98006 0.0124662
0.238 0.238 -0.282312 2 1000 102.666 -5.00064 0.0121305
0.241 0.241 -0.285871 2 1000 103.874 -5.01458 0.0137868
0.244 0.244 -0.289429 2 1000 105.082 -5.02089 0.0153524
0.247 0.247 -0.292988 2 1000 106.291 -5.01836 0.0168254
0.25 0.25 -0.296546 2 1000 107.499 -5.00554 0.0182061
0.253 0.253 -0.300105 2 1000 108.707 -4.98074 0.019497
0.256 0.256 -0.303663 2 1000 109.916 -4.94192 0.0207023
0.259 0.259 -0.307222 2 1000 111.124 -4.88672 0.0218271
0.262 0.262 -0.31078 2 1000 112.332 -4.81236 0.0228775
0.265 0.265 -0.314339 2 1000 113.54 -4.71559 0.0238601
0.268 0.268 -0.317898 2 1000 114.749 -4.59262 0.0247815
0.271 0.271 -0.321456 2 1000 115.957 -4.43907 0.0256485
0.274 0.274 -0.325015 2 1000 117.165 -4.24984 0.0264674
0.277 0.277 -0.328573 2 1000 118.374 -4.01906 0.0272443
0.28 0.28 -0.332132 2 11197 176.055 -3.73992 0.0279848
0.283 0.283 -0.33569 1 2407 161.316 -3.40459 0.0286939
0.286 0.286 -0.339249 1 2301 157.943 -3.00405 0.0293761
0.289 0.289 -0.342807 1 1833 155.949 -2.52794 0.0300355
0.292 0.292 -0.346366 1 1460 154.512 -1.96428 0.0306753
0.295 0.295 -0.349925 1 1219 153.39 -1.29937 0.0312985
0.298 0.298 -0.353483 1 1062 152.496 -0.517476 0.0319076
0.301 0.301 -0.357042 1 983 122.743 0.399456 0.0325047
0.304 0.304 -0.3606 1 911 122.984 1.47213 0.0330914
0.307 0.307 -0.364159 1 848 123.194 2.72428 0.0336692
0.31 0.31 -0.367717 1 800 123.378 4.18309 0.034239
0.313 0.313 -0.371276 1 763 123.541 5.87969 0.034802
0.316 0.316 -0.374834 1 734 123.688 7.84974 0.0353588
0.319 0.319 -0.378393 1 707 123.82 10.134 0.03591
0.322 0.322 -0.381951 1 687 123.939 12.7792 0.036454
0.325 0.325 -0.38551 1 671 124.049 15.8387 0.0369956
0.328 0.328 -0.389069 1 657 124.148 19.3735 0.037533
0.331 0.331 -0.392627 1 639 124.239 23.4535 0.0326284
0.334 0.334 -0.396186 1 647 124.325 28.1585 0.0330827
0.337 0.337 -0.399744 1 641 124.404 33.5796 0.0335342
0.34 0.34 -0.403303 1 633 124.477 39.821 0.0339833
0.343 0.343 -0.406861 1 626 124.545 47.0019 0.0344304
0.346 0.346 -0.41042 1 617 124.607 55.2582 0.0348758
0.349 0.349 -0.413978 1 610 124.665 64.7452 0.03532
0.352 0.352 -0.417537 1 605 124.718 75.6404 0.0357633
0.355 0.355 -0.421096 1 600 124.768 88.1463 0.0362063
0.358 0.358 -0.424654 1 600 124.814 102.494 0.0366496
0.361 0.361 -0.428213 1 597 124.857 118.948 0.0370937
0.364 0.364 -0.431771 1 593 124.897 137.809 0.0375392
0.367 0.367 -0.43533 1 589 124.934 159.421 0.0379869
0.37 0.37 -0.438888 1 585 124.969 184.177 0.0384375
0.373 0.373 -0.442447 1 564 125 212.525 0.0388919
0.376 0.376 -0.446005 1 558 125.029 244.976 0.0393508
0.379 0.379 -0.449564 1 554 125.056 282.113 0.0398152
0.382 0.382 -0.453123 1 550 125.081 324.601 0.0402861
0.385 0.385 -0.456681 1 547 125.104 373.2 0.0407645
0.388 0.388 -0.46024 1 552 125.126 428.775 0.0412514
0.391 0.391 -0.463798 1 551 125.147 492.315 0.0417481
0.394 0.394 -0.467357 1 548 125.166 564.946 0.0422557
0.397 0.397 -0.470915 1 546 125.183 647.954 0.0427753
0.4 0.4 -0.474474 1 531 125.2 742.804 0.0378949
