-0.2 -0.2 0.237237 77 0.00502462
-0.197 -0.197 0.233678 77 0.0102531
-0.194 -0.194 0.23012 81 0.0159728
-0.191 -0.191 0.226561 82 0.0219975
-0.188 -0.188 0.223003 241 0.040278
-0.185 -0.185 0.219444 400 0.0718021
-0.182 -0.182 0.215886 445 0.108293
-0.179 -0.179 0.212327 456 0.147208
-0.176 -0.176 0.208769 460 0.188067
-0.173 -0.173 0.20521 458 0.230411
-0.17 -0.17 0.201651 459 0.274584
-0.167 -0.167 0.198093 462 0.320867
-0.164 -0.164 0.194534 465 0.36936
-0.161 -0.161 0.190976 468 0.42017
-0.158 -0.158 0.187417 472 0.47352
-0.155 -0.155 0.183859 478 0.529773
-0.152 -0.152 0.1803 483 0.588957
-0.149 -0.149 0.176742 488 0.651222
-0.146 -0.146 0.173183 493 0.716726
-0.143 -0.143 0.169624 498 0.785636
-0.14 -0.14 0.166066 495 0.856975
-0.137 -0.137 0.162507 499 0.93188
-0.134 -0.134 0.158949 506 1.011
-0.131 -0.131 0.15539 514 1.09472
-0.128 -0.128 0.151832 534 1.18533
-0.125 -0.125 0.148273 546 1.28186
-0.122 -0.122 0.144715 558 1.38466
-0.119 -0.119 0.141156 612 1.50213
-0.116 -0.116 0.137597 589 1.61997
-0.113 -0.113 0.134039 600 1.74509
-0.11 -0.11 0.13048 620 1.87987
-0.107 -0.107 0.126922 644 2.02581
-0.104 -0.104 0.123363 673 2.18484
-0.101 -0.101 0.119805 708 2.35931
-0.098 -0.098 0.116246 743 2.55029
-0.095 -0.095 0.112688 794 2.76321
-0.092 -0.092 0.109129 860 3.0039
-0.089 -0.089 0.10557 948 3.28095
-0.086 -0.086 0.102012 1100 125.536
-0.083 -0.083 0.0984533 1341 152.171
-0.08 -0.08 0.0948948 1462 152.986
-0.077 -0.077 0.0913362 1683 153.984
-0.074 -0.074 0.0877777 1852 155.206
-0.071 -0.071 0.0842191 2124 156.804
-0.068 -0.068 0.0806606 2268 158.949
-0.065 -0.065 0.077102 2342 162.526
-0.062 -0.062 0.0735435 2610 177.896
-0.059 -0.059 0.0699849 1990 180.301
0.115 0.115 -0.136411 846 78.1395
0.118 0.118 -0.13997 501 78.7461
0.121 0.121 -0.143528 359 79.1811
0.124 0.124 -0.147087 286 79.5278
0.127 0.127 -0.150645 239 79.8178
0.13 0.13 -0.154204 205 80.0667
0.133 0.133 -0.157763 178 80.283
0.136 0.136 -0.161321 157 80.4739
0.139 0.139 -0.16488 140 80.6443
0.142 0.142 -0.168438 127 80.799
0.145 0.145 -0.171997 117 80.9416
0.148 0.148 -0.175555 110 81.0757
0.151 0.151 -0.179114 106 81.205
0.154 0.154 -0.182672 103 81.3306
0.157 0.157 -0.186231 103 81.4563
0.16 0.16 -0.18979 105 81.5844
0.163 0.163 -0.193348 109 81.7173
0.166 0.166 -0.196907 116 81.8587
0.169 0.169 -0.200465 125 82.0109
0.172 0.172 -0.204024 137 82.1777
0.175 0.175 -0.207582 152 82.3625
0.178 0.178 -0.211141 171 82.5704
0.181 0.181 -0.214699 195 82.8072
0.184 0.184 -0.218258 228 83.0839
0.187 0.187 -0.221817 276 83.4186
0.19 0.19 -0.225375 360 83.8548
0.193 0.193 -0.228934 567 84.5411
0.283 0.283 -0.33569 2407 161.316
0.286 0.286 -0.339249 2301 157.943
0.289 0.289 -0.342807 1833 155.949
0.292 0.292 -0.346366 1460 154.512
0.295 0.295 -0.349925 1219 153.39
0.298 0.298 -0.353483 1062 152.496
0.301 0.301 -0.357042 983 122.743
0.304 0.304 -0.3606 911 122.984
0.307 0.307 -0.364159 848 123.194
0.31 0.31 -0.367717 800 123.378
0.313 0.313 -0.371276 763 123.541
0.316 0.316 -0.374834 734 123.688
0.319 0.319 -0.378393 707 123.82
0.322 0.322 -0.381951 687 123.939
0.325 0.325 -0.38551 671 124.049
0.328 0.328 -0.389069 657 124.148
0.331 0.331 -0.392627 639 124.239
0.334 0.334 -0.396186 647 124.325
0.337 0.337 -0.399744 641 124.404
0.34 0.34 -0.403303 633 124.477
0.343 0.343 -0.406861 626 124.545
0.346 0.346 -0.41042 617 124.607
0.349 0.349 -0.413978 610 124.665
0.352 0.352 -0.417537 605 124.718
0.355 0.355 -0.421096 600 124.768
0.358 0.358 -0.424654 600 124.814
0.361 0.361 -0.428213 597 124.857
0.364 0.364 -0.431771 593 124.897
0.367 0.367 -0.43533 589 124.934
0.37 0.37 -0.438888 585 124.969
0.373 0.373 -0.442447 564 125
0.376 0.376 -0.446005 558 125.029
0.379 0.379 -0.449564 554 125.056
0.382 0.382 -0.453123 550 125.081
0.385 0.385 -0.456681 547 125.104
0.388 0.388 -0.46024 552 125.126
0.391 0.391 -0.463798 551 125.147
0.394 0.394 -0.467357 548 125.166
0.397 0.397 -0.470915 546 125.183
0.4 0.4 -0.474474 531 125.2
