-0.056 -0.056 0.0664263 9754 192.087 -3.69952 -0.307068
-0.053 -0.053 0.0628678 1000 10.6593 -4.03113 -0.27291
-0.05 -0.05 0.0593092 1000 11.8676 -4.32609 -0.241782
-0.047 -0.047 0.0557507 1000 13.0759 -4.58758 -0.213439
-0.044 -0.044 0.0521921 1000 14.2842 -4.81854 -0.187655
-0.041 -0.041 0.0486336 1000 15.4925 -5.02168 -0.164221
-0.038 -0.038 0.045075 1000 16.7008 -5.19948 -0.142947
-0.035 -0.035 0.0415165 1000 17.9091 -5.35421 -0.123655
-0.032 -0.032 0.0379579 1000 19.1174 -5.48797 -0.106181
-0.029 -0.029 0.0343994 1000 20.3257 -5.6027 -0.0903764
-0.026 -0.026 0.0308408 1000 21.534 -5.70016 -0.0761011
-0.023 -0.023 0.0272822 1000 22.7423 -5.78196 -0.0632278
-0.02 -0.02 0.0237237 1000 23.9507 -5.84961 -0.0516387
-0.017 -0.017 0.0201651 1000 25.159 -5.90448 -0.0412252
-0.014 -0.014 0.0166066 1000 26.3673 -5.9478 -0.0318871
-0.011 -0.011 0.013048 1000 27.5756 -5.98075 -0.0235321
-0.008 -0.008 0.00948948 1000 28.7839 -6.00435 -0.016075
-0.005 -0.005 0.00593092 1000 29.9922 -6.01959 -0.00943719
-0.002 -0.002 0.00237237 1000 31.2005 -6.02735 -0.00354601
0.001 0.001 -0.00118618 1000 32.4088 -6.02842 0.00166565
0.004 0.004 -0.00474474 1000 33.6171 -6.02354 0.00625988
0.007 0.007 -0.00830329 1000 34.8254 -6.01339 0.0102943
0.01 0.01 -0.0118618 1000 36.0337 -5.99857 0.0138222
0.013 0.013 -0.0154204 1000 37.242 -5.97965 0.0168935
0.016 0.016 -0.018979 1000 38.4503 -5.95712 0.0195546
0.019 0.019 -0.0225375 1000 39.6586 -5.93143 0.021849
0.022 0.022 -0.0260961 1000 40.8669 -5.903 0.0238175
0.025 0.025 -0.0296546 1000 42.0752 -5.87219 0.0254987
0.028 0.028 -0.0332132 1000 43.2835 -5.83932 0.0269293
0.031 0.031 -0.0367717 1000 44.4918 -5.80469 0.0281442
0.034 0.034 -0.0403303 1000 45.7001 -5.76855 0.0291768
0.037 0.037 -0.0438888 1000 46.9084 -5.73109 0.0300592
0.04 0.04 -0.0474474 1000 48.1167 -5.69252 0.0308222
0.043 0.043 -0.0510059 1000 49.3251 -5.65298 0.0314958
0.046 0.046 -0.0545645 1000 50.5334 -5.61258 0.0321086
0.049 0.049 -0.0581231 1000 51.7417 -5.57141 0.0326882
0.052 0.052 -0.0616816 1000 52.95 -5.52954 0.0332608
0.055 0.055 -0.0652402 1000 54.1583 -5.48698 0.0338514
0.058 0.058 -0.0687987 1000 55.3666 -5.44375 0.0344827
0.061 0.061 -0.0723573 1000 56.5749 -5.39983 0.0351755
0.064 0.064 -0.0759158 1000 57.7832 -5.35516 0.0359479
0.067 0.067 -0.0794744 1000 58.9915 -5.3097 0.0368147
0.07 0.07 -0.0830329 1000 60.1998 -5.26334 0.0377869
0.073 0.073 -0.0865915 1000 61.4081 -5.21599 0.0388713
0.076 0.076 -0.09015 1000 62.6164 -5.16753 0.0400695
0.079 0.079 -0.0937086 1000 63.8247 -5.11781 0.0413776
0.082 0.082 -0.0972671 1000 65.033 -5.0667 0.0427859
0.085 0.085 -0.100826 1000 66.2413 -5.01403 0.0442779
0.088 0.088 -0.104384 1000 67.4496 -4.95962 0.0458309
0.091 0.091 -0.107943 1000 68.6579 -4.90328 0.0474155
0.094 0.094 -0.111501 1000 69.8662 -4.84483 0.048996
0.097 0.097 -0.11506 1000 71.0745 -4.78405 0.0505307
0.1 0.1 -0.118618 1000 72.2828 -4.72077 0.051973
0.103 0.103 -0.122177 1000 73.4912 -4.65483 0.0426178
0.106 0.106 -0.125736 1000 74.6995 -4.58608 0.0435001
0.109 0.109 -0.129294 1000 75.9078 -4.51449 0.0441818
0.112 0.112 -0.132853 10476 138.194 -4.44008 0.0446202
0.196 0.196 -0.232492 10837 151.288 -4.3268 -0.0133626
0.199 0.199 -0.236051 1000 86.9577 -4.39695 -0.0124262
0.202 0.202 -0.239609 1000 88.166 -4.46427 -0.0111551
0.205 0.205 -0.243168 1000 89.3743 -4.52858 -0.00959245
0.208 0.208 -0.246726 1000 90.5826 -4.58973 -0.00778409
0.211 0.211 -0.250285 1000 91.7909 -4.64767 -0.00577682
0.214 0.214 -0.253844 1000 92.9992 -4.70232 -0.00361704
0.217 0.217 -0.257402 1000 94.2075 -4.75362 -0.00134942
0.22 0.22 -0.260961 1000 95.4158 -4.80145 0.000984194
0.223 0.223 -0.264519 1000 96.6241 -4.84565 0.00334567
0.226 0.226 -0.268078 1000 97.8325 -4.88598 0.0057012
0.229 0.229 -0.271636 1000 99.0408 -4.92213 0.00802173
0.232 0.232 -0.275195 1000 100.249 -4.95367 0.0102831
0.235 0.235 -0.278753 1000 101.457 -4.98006 0.0124662
0.238 0.238 -0.282312 1000 102.666 -5.00064 0.0121305
0.241 0.241 -0.285871 1000 103.874 -5.01458 0.0137868
0.244 0.244 -0.289429 1000 105.082 -5.02089 0.0153524
0.247 0.247 -0.292988 1000 106.291 -5.01836 0.0168254
0.25 0.25 -0.296546 1000 107.499 -5.00554 0.0182061
0.253 0.253 -0.300105 1000 108.707 -4.98074 0.019497
0.256 0.256 -0.303663 1000 109.916 -4.94192 0.0207023
0.259 0.259 -0.307222 1000 111.124 -4.88672 0.0218271
0.262 0.262 -0.31078 1000 112.332 -4.81236 0.0228775
0.265 0.265 -0.314339 1000 113.54 -4.71559 0.0238601
0.268 0.268 -0.317898 1000 114.749 -4.59262 0.0247815
0.271 0.271 -0.321456 1000 115.957 -4.43907 0.0256485
0.274 0.274 -0.325015 1000 117.165 -4.24984 0.0264674
0.277 0.277 -0.328573 1000 118.374 -4.01906 0.0272443
0.28 0.28 -0.332132 11197 176.055 -3.73992 0.0279848
