-0.4 -0.4 0.474474
-0.393 -0.393 0.466171
-0.386 -0.386 0.457867
-0.379 -0.379 0.449564
-0.372 -0.372 0.441261
-0.365 -0.365 0.432957
-0.358 -0.358 0.424654
-0.351 -0.351 0.416351
-0.344 -0.344 0.408048
-0.337 -0.337 0.399744
-0.33 -0.33 0.391441
-0.323 -0.323 0.383138
-0.316 -0.316 0.374834
-0.309 -0.309 0.366531
-0.302 -0.302 0.358228
-0.295 -0.295 0.349925
-0.288 -0.288 0.341621
-0.281 -0.281 0.333318
-0.274 -0.274 0.325015
-0.267 -0.267 0.316711
-0.26 -0.26 0.308408
-0.253 -0.253 0.300105
-0.246 -0.246 0.291801
-0.239 -0.239 0.283498
-0.232 -0.232 0.275195
-0.225 -0.225 0.266892
-0.218 -0.218 0.258588
-0.211 -0.211 0.250285
-0.204 -0.204 0.241982
-0.197 -0.197 0.233678
-0.19 -0.19 0.225375
-0.183 -0.183 0.217072
-0.176 -0.176 0.208769
-0.169 -0.169 0.200465
-0.162 -0.162 0.192162
-0.155 -0.155 0.183859
-0.148 -0.148 0.175555
-0.141 -0.141 0.167252
-0.134 -0.134 0.158949
-0.127 -0.127 0.150645
-0.12 -0.12 0.142342
-0.113 -0.113 0.134039
-0.106 -0.106 0.125736
-0.099 -0.099 0.117432
-0.092 -0.092 0.109129
-0.085 -0.085 0.100826
-0.078 -0.078 0.0925224
-0.071 -0.071 0.0842191
-0.064 -0.064 0.0759158
-0.057 -0.057 0.0676125
-0.05 -0.05 0.0593092
-0.043 -0.043 0.0510059
-0.036 -0.036 0.0427027
-0.029 -0.029 0.0343994
-0.022 -0.022 0.0260961
-0.015 -0.015 0.0177928
-0.008 -0.008 0.00948948
-0.001 -0.001 0.00118618
0.006 0.006 -0.00711711
0.013 0.013 -0.0154204
0.02 0.02 -0.0237237
0.027 0.027 -0.032027
0.034 0.034 -0.0403303
0.041 0.041 -0.0486336
0.048 0.048 -0.0569369
0.055 0.055 -0.0652402
0.062 0.062 -0.0735435
0.069 0.069 -0.0818467
0.076 0.076 -0.09015
0.083 0.083 -0.0984533
0.09 0.09 -0.106757
0.097 0.097 -0.11506
0.104 0.104 -0.123363
0.111 0.111 -0.131667
0.118 0.118 -0.13997
0.125 0.125 -0.148273
0.132 0.132 -0.156576
0.139 0.139 -0.16488
0.146 0.146 -0.173183
0.153 0.153 -0.181486
0.16 0.16 -0.18979
0.167 0.167 -0.198093
0.174 0.174 -0.206396
0.181 0.181 -0.214699
0.188 0.188 -0.223003
0.195 0.195 -0.231306
0.202 0.202 -0.239609
0.209 0.209 -0.247913
0.216 0.216 -0.256216
0.223 0.223 -0.264519
0.23 0.23 -0.272822
0.237 0.237 -0.281126
0.244 0.244 -0.289429
0.251 0.251 -0.297732
0.258 0.258 -0.306036
0.265 0.265 -0.314339
0.272 0.272 -0.322642
0.279 0.279 -0.330946
0.286 0.286 -0.339249
0.293 0.293 -0.347552
0.3 0.3 -0.355855
