-0.4 -0.4 0.474474 1
-0.393 -0.393 0.466171 1
-0.386 -0.386 0.457867 1
-0.379 -0.379 0.449564 1
-0.372 -0.372 0.441261 1
-0.365 -0.365 0.432957 1
-0.358 -0.358 0.424654 1
-0.351 -0.351 0.416351 1
-0.344 -0.344 0.408048 1
-0.337 -0.337 0.399744 1
-0.33 -0.33 0.391441 1
-0.323 -0.323 0.383138 1
-0.316 -0.316 0.374834 1
-0.309 -0.309 0.366531 1
-0.302 -0.302 0.358228 1
-0.295 -0.295 0.349925 1
-0.288 -0.288 0.341621 1
-0.281 -0.281 0.333318 1
-0.274 -0.274 0.325015 1
-0.267 -0.267 0.316711 1
-0.26 -0.26 0.308408 1
-0.253 -0.253 0.300105 1
-0.246 -0.246 0.291801 1
-0.239 -0.239 0.283498 1
-0.232 -0.232 0.275195 1
-0.225 -0.225 0.266892 1
-0.218 -0.218 0.258588 1
-0.211 -0.211 0.250285 1
-0.204 -0.204 0.241982 1
-0.197 -0.197 0.233678 1
-0.19 -0.19 0.225375 1
-0.183 -0.183 0.217072 1
-0.176 -0.176 0.208769 1
-0.169 -0.169 0.200465 1
-0.162 -0.162 0.192162 1
-0.155 -0.155 0.183859 1
-0.148 -0.148 0.175555 1
-0.141 -0.141 0.167252 1
-0.134 -0.134 0.158949 1
-0.127 -0.127 0.150645 1
-0.12 -0.12 0.142342 1
-0.113 -0.113 0.134039 1
-0.106 -0.106 0.125736 1
-0.099 -0.099 0.117432 1
-0.092 -0.092 0.109129 1
-0.085 -0.085 0.100826 1
-0.078 -0.078 0.0925224 1
-0.071 -0.071 0.0842191 1
-0.064 -0.064 0.0759158 1
-0.057 -0.057 0.0676125 1
-0.05 -0.05 0.0593092 2
-0.043 -0.043 0.0510059 2
-0.036 -0.036 0.0427027 2
-0.029 -0.029 0.0343994 2
-0.022 -0.022 0.0260961 2
-0.015 -0.015 0.0177928 2
-0.008 -0.008 0.00948948 2
-0.001 -0.001 0.00118618 2
0.006 0.006 -0.00711711 2
0.013 0.013 -0.0154204 2
0.02 0.02 -0.0237237 2
0.027 0.027 -0.032027 2
0.034 0.034 -0.0403303 2
0.041 0.041 -0.0486336 2
0.048 0.048 -0.0569369 2
0.055 0.055 -0.0652402 2
0.062 0.062 -0.0735435 2
0.069 0.069 -0.0818467 2
0.076 0.076 -0.09015 2
0.083 0.083 -0.0984533 2
0.09 0.09 -0.106757 2
0.097 0.097 -0.11506 2
0.104 0.104 -0.123363 2
0.111 0.111 -0.131667 2
0.118 0.118 -0.13997 1
0.125 0.125 -0.148273 1
0.132 0.132 -0.156576 1
0.139 0.139 -0.16488 1
0.146 0.146 -0.173183 1
0.153 0.153 -0.181486 1
0.16 0.16 -0.18979 1
0.167 0.167 -0.198093 1
0.174 0.174 -0.206396 1
0.181 0.181 -0.214699 1
0.188 0.188 -0.223003 1
0.195 0.195 -0.231306 1
0.202 0.202 -0.239609 2
0.209 0.209 -0.247913 2
0.216 0.216 -0.256216 2
0.223 0.223 -0.264519 2
0.23 0.23 -0.272822 2
0.237 0.237 -0.281126 2
0.244 0.244 -0.289429 2
0.251 0.251 -0.297732 2
0.258 0.258 -0.306036 2
0.265 0.265 -0.314339 2
0.272 0.272 -0.322642 2
0.279 0.279 -0.330946 2
0.286 0.286 -0.339249 1
0.293 0.293 -0.347552 1
0.3 0.3 -0.355855 1
