-0.05 -0.05 0.0593092 2
-0.043 -0.043 0.0510059 2
-0.036 -0.036 0.0427027 2
-0.029 -0.029 0.0343994 2
-0.022 -0.022 0.0260961 2
-0.015 -0.015 0.0177928 2
-0.008 -0.008 0.00948948 2
-0.001 -0.001 0.00118618 2
0.006 0.006 -0.00711711 2
0.013 0.013 -0.0154204 2
0.02 0.02 -0.0237237 2
0.027 0.027 -0.032027 2
0.034 0.034 -0.0403303 2
0.041 0.041 -0.0486336 2
0.048 0.048 -0.0569369 2
0.055 0.055 -0.0652402 2
0.062 0.062 -0.0735435 2
0.069 0.069 -0.0818467 2
0.076 0.076 -0.09015 2
0.083 0.083 -0.0984533 2
0.09 0.09 -0.106757 2
0.097 0.097 -0.11506 2
0.104 0.104 -0.123363 2
0.111 0.111 -0.131667 2
0.202 0.202 -0.239609 2
0.209 0.209 -0.247913 2
0.216 0.216 -0.256216 2
0.223 0.223 -0.264519 2
0.23 0.23 -0.272822 2
0.237 0.237 -0.281126 2
0.244 0.244 -0.289429 2
0.251 0.251 -0.297732 2
0.258 0.258 -0.306036 2
0.265 0.265 -0.314339 2
0.272 0.272 -0.322642 2
0.279 0.279 -0.330946 2
