0 -0.8 -0.8 -0.8 2 1 0
21 -0.7675 -0.7675 -0.8 2 1 0
42 -0.735 -0.735 -0.8 2 1 0
841 -0.7675 -0.8 -0.7675 2 1 0
861 -0.8 -0.7675 -0.7675 2 1 0
1682 -0.735 -0.8 -0.735 2 1 0
1722 -0.8 -0.735 -0.735 2 1 0
1723 -0.735 -0.735 -0.735 2 1 0
1744 -0.7025 -0.7025 -0.735 2 1 0
1765 -0.67 -0.67 -0.735 2 1 0
1786 -0.6375 -0.6375 -0.735 2 1 0
2564 -0.7025 -0.735 -0.7025 2 1 0
2584 -0.735 -0.7025 -0.7025 2 1 0
3405 -0.67 -0.735 -0.67 2 1 0
3445 -0.735 -0.67 -0.67 2 1 0
3446 -0.67 -0.67 -0.67 2 1 0
3467 -0.6375 -0.6375 -0.67 2 1 0
3488 -0.605 -0.605 -0.67 2 1 0
4246 -0.6375 -0.735 -0.6375 2 1 0
4287 -0.6375 -0.67 -0.6375 2 1 0
4306 -0.735 -0.6375 -0.6375 2 1 0
4307 -0.67 -0.6375 -0.6375 2 1 0
4308 -0.605 -0.6375 -0.6375 2 1 0
4328 -0.6375 -0.605 -0.6375 2 1 0
5128 -0.605 -0.67 -0.605 2 1 0
5148 -0.6375 -0.6375 -0.605 2 1 0
5168 -0.67 -0.605 -0.605 2 1 0
5169 -0.605 -0.605 -0.605 2 1 0
5190 -0.5725 -0.5725 -0.605 2 1 0
5211 -0.54 -0.54 -0.605 2 1 0
6010 -0.5725 -0.605 -0.5725 2 1 0
6030 -0.605 -0.5725 -0.5725 2 1 0
6031 -0.54 -0.5725 -0.5725 2 1 0
6051 -0.5725 -0.54 -0.5725 2 1 0
6052 -0.5075 -0.54 -0.5725 2 1 0
6072 -0.54 -0.5075 -0.5725 2 1 0
6851 -0.54 -0.605 -0.54 2 1 0
6871 -0.5725 -0.5725 -0.54 2 1 0
6872 -0.5075 -0.5725 -0.54 2 1 0
6891 -0.605 -0.54 -0.54 2 1 0
6892 -0.54 -0.54 -0.54 2 1 0
6912 -0.5725 -0.5075 -0.54 2 1 0
6913 -0.5075 -0.5075 -0.54 2 1 0
6934 -0.475 -0.475 -0.54 2 1 0
7712 -0.54 -0.5725 -0.5075 2 1 0
7732 -0.5725 -0.54 -0.5075 2 1 0
7733 -0.5075 -0.54 -0.5075 2 1 0
7753 -0.54 -0.5075 -0.5075 2 1 0
7754 -0.475 -0.5075 -0.5075 2 1 0
7774 -0.5075 -0.475 -0.5075 2 1 0
7775 -0.4425 -0.475 -0.5075 2 1 0
7795 -0.475 -0.4425 -0.5075 2 1 0
7796 -0.41 -0.4425 -0.5075 2 1 0
7816 -0.4425 -0.41 -0.5075 2 1 0
8574 -0.475 -0.54 -0.475 2 1 0
8594 -0.5075 -0.5075 -0.475 2 1 0
8595 -0.4425 -0.5075 -0.475 2 1 0
8614 -0.54 -0.475 -0.475 2 1 0
8615 -0.475 -0.475 -0.475 2 1 0
8616 -0.41 -0.475 -0.475 2 1 0
8635 -0.5075 -0.4425 -0.475 2 1 0
8636 -0.4425 -0.4425 -0.475 2 1 0
8656 -0.475 -0.41 -0.475 2 1 0
8657 -0.41 -0.41 -0.475 2 1 0
8678 -0.3775 -0.3775 -0.475 2 1 0
9435 -0.475 -0.5075 -0.4425 2 1 0
9436 -0.41 -0.5075 -0.4425 2 1 0
9455 -0.5075 -0.475 -0.4425 2 1 0
9456 -0.4425 -0.475 -0.4425 2 1 0
9476 -0.475 -0.4425 -0.4425 2 1 0
9477 -0.41 -0.4425 -0.4425 2 1 0
9496 -0.5075 -0.41 -0.4425 2 1 0
9497 -0.4425 -0.41 -0.4425 2 1 0
9498 -0.3775 -0.41 -0.4425 2 1 0
9518 -0.41 -0.3775 -0.4425 2 1 0
9519 -0.345 -0.3775 -0.4425 2 1 0
9539 -0.3775 -0.345 -0.4425 2 1 0
10276 -0.4425 -0.5075 -0.41 2 1 0
10296 -0.475 -0.475 -0.41 2 1 0
10297 -0.41 -0.475 -0.41 2 1 0
10316 -0.5075 -0.4425 -0.41 2 1 0
10317 -0.4425 -0.4425 -0.41 2 1 0
10318 -0.3775 -0.4425 -0.41 2 1 0
10337 -0.475 -0.41 -0.41 2 1 0
10338 -0.41 -0.41 -0.41 2 1 0
10339 -0.345 -0.41 -0.41 2 1 0
10358 -0.4425 -0.3775 -0.41 2 1 0
10359 -0.3775 -0.3775 -0.41 2 1 0
10379 -0.41 -0.345 -0.41 2 1 0
10380 -0.345 -0.345 -0.41 2 1 0
10401 -0.3125 -0.3125 -0.41 2 1 0
11138 -0.3775 -0.475 -0.3775 2 1 0
11158 -0.41 -0.4425 -0.3775 2 1 0
11159 -0.345 -0.4425 -0.3775 2 1 0
11178 -0.4425 -0.41 -0.3775 2 1 0
11179 -0.3775 -0.41 -0.3775 2 1 0
11198 -0.475 -0.3775 -0.3775 2 1 0
11199 -0.41 -0.3775 -0.3775 2 1 0
11200 -0.345 -0.3775 -0.3775 2 1 0
11219 -0.4425 -0.345 -0.3775 2 1 0
11220 -0.3775 -0.345 -0.3775 2 1 0
11221 -0.3125 -0.345 -0.3775 2 1 0
11241 -0.345 -0.3125 -0.3775 2 1 0
11242 -0.28 -0.3125 -0.3775 2 1 0
11262 -0.3125 -0.28 -0.3775 2 1 0
11999 -0.3775 -0.4425 -0.345 2 1 0
12019 -0.41 -0.41 -0.345 2 1 0
12020 -0.345 -0.41 -0.345 2 1 0
12039 -0.4425 -0.3775 -0.345 2 1 0
12040 -0.3775 -0.3775 -0.345 2 1 0
12041 -0.3125 -0.3775 -0.345 2 1 0
12060 -0.41 -0.345 -0.345 2 1 0
12061 -0.345 -0.345 -0.345 2 1 0
12062 -0.28 -0.345 -0.345 2 1 0
12081 -0.3775 -0.3125 -0.345 2 1 0
12082 -0.3125 -0.3125 -0.345 2 1 0
12083 -0.2475 -0.3125 -0.345 2 1 0
12102 -0.345 -0.28 -0.345 2 1 0
12103 -0.28 -0.28 -0.345 2 1 0
12123 -0.3125 -0.2475 -0.345 2 1 0
12124 -0.2475 -0.2475 -0.345 2 1 0
12418 0.2075 0.2075 -0.345 2 1 0
12439 0.24 0.24 -0.345 2 1 0
12861 -0.3125 -0.41 -0.3125 2 1 0
12881 -0.345 -0.3775 -0.3125 2 1 0
12882 -0.28 -0.3775 -0.3125 2 1 0
12901 -0.3775 -0.345 -0.3125 2 1 0
12902 -0.3125 -0.345 -0.3125 2 1 0
12903 -0.2475 -0.345 -0.3125 2 1 0
12921 -0.41 -0.3125 -0.3125 2 1 0
12922 -0.345 -0.3125 -0.3125 2 1 0
12923 -0.28 -0.3125 -0.3125 2 1 0
12942 -0.3775 -0.28 -0.3125 2 1 0
12943 -0.3125 -0.28 -0.3125 2 1 0
12944 -0.2475 -0.28 -0.3125 2 1 0
12963 -0.345 -0.2475 -0.3125 2 1 0
12964 -0.28 -0.2475 -0.3125 2 1 0
12965 -0.215 -0.2475 -0.3125 2 1 0
12985 -0.2475 -0.215 -0.3125 2 1 0
12986 -0.1825 -0.215 -0.3125 2 1 0
13006 -0.215 -0.1825 -0.3125 2 1 0
13239 0.2725 0.175 -0.3125 2 1 0
13259 0.24 0.2075 -0.3125 2 1 0
13260 0.305 0.2075 -0.3125 2 1 0
13279 0.2075 0.24 -0.3125 2 1 0
13280 0.2725 0.24 -0.3125 2 1 0
13299 0.175 0.2725 -0.3125 2 1 0
13300 0.24 0.2725 -0.3125 2 1 0
13301 0.305 0.2725 -0.3125 2 1 0
13302 0.37 0.2725 -0.3125 2 1 0
13320 0.2075 0.305 -0.3125 2 1 0
13321 0.2725 0.305 -0.3125 2 1 0
13322 0.3375 0.305 -0.3125 2 1 0
13323 0.4025 0.305 -0.3125 2 1 0
13342 0.305 0.3375 -0.3125 2 1 0
13343 0.37 0.3375 -0.3125 2 1 0
13362 0.2725 0.37 -0.3125 2 1 0
13363 0.3375 0.37 -0.3125 2 1 0
13364 0.4025 0.37 -0.3125 2 1 0
13383 0.305 0.4025 -0.3125 2 1 0
13384 0.37 0.4025 -0.3125 2 1 0
13722 -0.3125 -0.3775 -0.28 2 1 0
13742 -0.345 -0.345 -0.28 2 1 0
13743 -0.28 -0.345 -0.28 2 1 0
13762 -0.3775 -0.3125 -0.28 2 1 0
13763 -0.3125 -0.3125 -0.28 2 1 0
13764 -0.2475 -0.3125 -0.28 2 1 0
13783 -0.345 -0.28 -0.28 2 1 0
13784 -0.28 -0.28 -0.28 2 1 0
13785 -0.215 -0.28 -0.28 2 1 0
13804 -0.3125 -0.2475 -0.28 2 1 0
13805 -0.2475 -0.2475 -0.28 2 1 0
13806 -0.1825 -0.2475 -0.28 2 1 0
13825 -0.28 -0.215 -0.28 2 1 0
13826 -0.215 -0.215 -0.28 2 1 0
13827 -0.15 -0.215 -0.28 2 1 0
13846 -0.2475 -0.1825 -0.28 2 1 0
13847 -0.1825 -0.1825 -0.28 2 1 0
13867 -0.215 -0.15 -0.28 2 1 0
13868 -0.15 -0.15 -0.28 2 1 0
14059 0.2725 0.1425 -0.28 2 1 0
14079 0.24 0.175 -0.28 2 1 0
14080 0.305 0.175 -0.28 2 1 0
14099 0.2075 0.2075 -0.28 2 1 0
14100 0.2725 0.2075 -0.28 2 1 0
14101 0.3375 0.2075 -0.28 2 1 0
14119 0.175 0.24 -0.28 2 1 0
14120 0.24 0.24 -0.28 2 1 0
14121 0.305 0.24 -0.28 2 1 0
14122 0.37 0.24 -0.28 2 1 0
14139 0.1425 0.2725 -0.28 2 1 0
14140 0.2075 0.2725 -0.28 2 1 0
14141 0.2725 0.2725 -0.28 2 1 0
14142 0.3375 0.2725 -0.28 2 1 0
14160 0.175 0.305 -0.28 2 1 0
14161 0.24 0.305 -0.28 2 1 0
14162 0.305 0.305 -0.28 2 1 0
14163 0.37 0.305 -0.28 2 1 0
14181 0.2075 0.3375 -0.28 2 1 0
14182 0.2725 0.3375 -0.28 2 1 0
14183 0.3375 0.3375 -0.28 2 1 0
14202 0.24 0.37 -0.28 2 1 0
14203 0.305 0.37 -0.28 2 1 0
14204 0.37 0.37 -0.28 2 1 0
14583 -0.3125 -0.345 -0.2475 2 1 0
14584 -0.2475 -0.345 -0.2475 2 1 0
14603 -0.345 -0.3125 -0.2475 2 1 0
14604 -0.28 -0.3125 -0.2475 2 1 0
14605 -0.215 -0.3125 -0.2475 2 1 0
14624 -0.3125 -0.28 -0.2475 2 1 0
14625 -0.2475 -0.28 -0.2475 2 1 0
14626 -0.1825 -0.28 -0.2475 2 1 0
14644 -0.345 -0.2475 -0.2475 2 1 0
14645 -0.28 -0.2475 -0.2475 2 1 0
14646 -0.215 -0.2475 -0.2475 2 1 0
14665 -0.3125 -0.215 -0.2475 2 1 0
14666 -0.2475 -0.215 -0.2475 2 1 0
14667 -0.1825 -0.215 -0.2475 2 1 0
14686 -0.28 -0.1825 -0.2475 2 1 0
14687 -0.215 -0.1825 -0.2475 2 1 0
14688 -0.15 -0.1825 -0.2475 2 1 0
14708 -0.1825 -0.15 -0.2475 2 1 0
14709 -0.1175 -0.15 -0.2475 2 1 0
14729 -0.15 -0.1175 -0.2475 2 1 0
14880 0.3375 0.11 -0.2475 2 1 0
14900 0.305 0.1425 -0.2475 2 1 0
14920 0.2725 0.175 -0.2475 2 1 0
14921 0.3375 0.175 -0.2475 2 1 0
14940 0.24 0.2075 -0.2475 2 1 0
14941 0.305 0.2075 -0.2475 2 1 0
14942 0.37 0.2075 -0.2475 2 1 0
14960 0.2075 0.24 -0.2475 2 1 0
14961 0.2725 0.24 -0.2475 2 1 0
14962 0.3375 0.24 -0.2475 2 1 0
14980 0.175 0.2725 -0.2475 2 1 0
14981 0.24 0.2725 -0.2475 2 1 0
14982 0.305 0.2725 -0.2475 2 1 0
14983 0.37 0.2725 -0.2475 2 1 0
15000 0.1425 0.305 -0.2475 2 1 0
15001 0.2075 0.305 -0.2475 2 1 0
15002 0.2725 0.305 -0.2475 2 1 0
15003 0.3375 0.305 -0.2475 2 1 0
15020 0.11 0.3375 -0.2475 2 1 0
15021 0.175 0.3375 -0.2475 2 1 0
15022 0.24 0.3375 -0.2475 2 1 0
15023 0.305 0.3375 -0.2475 2 1 0
15024 0.37 0.3375 -0.2475 2 1 0
15042 0.2075 0.37 -0.2475 2 1 0
15043 0.2725 0.37 -0.2475 2 1 0
15044 0.3375 0.37 -0.2475 2 1 0
15445 -0.2475 -0.3125 -0.215 2 1 0
15446 -0.1825 -0.3125 -0.215 2 1 0
15465 -0.28 -0.28 -0.215 2 1 0
15466 -0.215 -0.28 -0.215 2 1 0
15467 -0.15 -0.28 -0.215 2 1 0
15485 -0.3125 -0.2475 -0.215 2 1 0
15486 -0.2475 -0.2475 -0.215 2 1 0
15487 -0.1825 -0.2475 -0.215 2 1 0
15506 -0.28 -0.215 -0.215 2 1 0
15507 -0.215 -0.215 -0.215 2 1 0
15508 -0.15 -0.215 -0.215 2 1 0
15526 -0.3125 -0.1825 -0.215 2 1 0
15527 -0.2475 -0.1825 -0.215 2 1 0
15528 -0.1825 -0.1825 -0.215 2 1 0
15529 -0.1175 -0.1825 -0.215 2 1 0
15547 -0.28 -0.15 -0.215 2 1 0
15548 -0.215 -0.15 -0.215 2 1 0
15549 -0.15 -0.15 -0.215 2 1 0
15550 -0.085 -0.15 -0.215 2 1 0
15569 -0.1825 -0.1175 -0.215 2 1 0
15570 -0.1175 -0.1175 -0.215 2 1 0
15590 -0.15 -0.085 -0.215 2 1 0
15591 -0.085 -0.085 -0.215 2 1 0
15740 0.2725 0.1425 -0.215 2 1 0
15741 0.3375 0.1425 -0.215 2 1 0
15760 0.24 0.175 -0.215 2 1 0
15761 0.305 0.175 -0.215 2 1 0
15780 0.2075 0.2075 -0.215 2 1 0
15781 0.2725 0.2075 -0.215 2 1 0
15782 0.3375 0.2075 -0.215 2 1 0
15800 0.175 0.24 -0.215 2 1 0
15801 0.24 0.24 -0.215 2 1 0
15802 0.305 0.24 -0.215 2 1 0
15820 0.1425 0.2725 -0.215 2 1 0
15821 0.2075 0.2725 -0.215 2 1 0
15822 0.2725 0.2725 -0.215 2 1 0
15823 0.3375 0.2725 -0.215 2 1 0
15841 0.175 0.305 -0.215 2 1 0
15842 0.24 0.305 -0.215 2 1 0
15843 0.305 0.305 -0.215 2 1 0
15861 0.1425 0.3375 -0.215 2 1 0
15862 0.2075 0.3375 -0.215 2 1 0
15863 0.2725 0.3375 -0.215 2 1 0
15864 0.3375 0.3375 -0.215 2 1 0
16286 -0.215 -0.3125 -0.1825 2 1 0
16306 -0.2475 -0.28 -0.1825 2 1 0
16307 -0.1825 -0.28 -0.1825 2 1 0
16326 -0.28 -0.2475 -0.1825 2 1 0
16327 -0.215 -0.2475 -0.1825 2 1 0
16328 -0.15 -0.2475 -0.1825 2 1 0
16346 -0.3125 -0.215 -0.1825 2 1 0
16347 -0.2475 -0.215 -0.1825 2 1 0
16348 -0.1825 -0.215 -0.1825 2 1 0
16349 -0.1175 -0.215 -0.1825 2 1 0
16367 -0.28 -0.1825 -0.1825 2 1 0
16368 -0.215 -0.1825 -0.1825 2 1 0
16369 -0.15 -0.1825 -0.1825 2 1 0
16370 -0.085 -0.1825 -0.1825 2 1 0
16388 -0.2475 -0.15 -0.1825 2 1 0
16389 -0.1825 -0.15 -0.1825 2 1 0
16390 -0.1175 -0.15 -0.1825 2 1 0
16409 -0.215 -0.1175 -0.1825 2 1 0
16410 -0.15 -0.1175 -0.1825 2 1 0
16411 -0.085 -0.1175 -0.1825 2 1 0
16430 -0.1825 -0.085 -0.1825 2 1 0
16431 -0.1175 -0.085 -0.1825 2 1 0
16432 -0.0525 -0.085 -0.1825 2 1 0
16452 -0.085 -0.0525 -0.1825 2 1 0
17147 -0.215 -0.28 -0.15 2 1 0
17148 -0.15 -0.28 -0.15 2 1 0
17168 -0.1825 -0.2475 -0.15 2 1 0
17169 -0.1175 -0.2475 -0.15 2 1 0
17187 -0.28 -0.215 -0.15 2 1 0
17188 -0.215 -0.215 -0.15 2 1 0
17189 -0.15 -0.215 -0.15 2 1 0
17190 -0.085 -0.215 -0.15 2 1 0
17208 -0.2475 -0.1825 -0.15 2 1 0
17209 -0.1825 -0.1825 -0.15 2 1 0
17210 -0.1175 -0.1825 -0.15 2 1 0
17228 -0.28 -0.15 -0.15 2 1 0
17229 -0.215 -0.15 -0.15 2 1 0
17230 -0.15 -0.15 -0.15 2 1 0
17231 -0.085 -0.15 -0.15 2 1 0
17249 -0.2475 -0.1175 -0.15 2 1 0
17250 -0.1825 -0.1175 -0.15 2 1 0
17251 -0.1175 -0.1175 -0.15 2 1 0
17252 -0.0525 -0.1175 -0.15 2 1 0
17270 -0.215 -0.085 -0.15 2 1 0
17271 -0.15 -0.085 -0.15 2 1 0
17272 -0.085 -0.085 -0.15 2 1 0
17273 -0.02 -0.085 -0.15 2 1 0
17292 -0.1175 -0.0525 -0.15 2 1 0
17293 -0.0525 -0.0525 -0.15 2 1 0
17313 -0.085 -0.02 -0.15 2 1 0
17314 -0.02 -0.02 -0.15 2 1 0
17357 0.11 0.045 -0.15 2 1 0
17377 0.0775 0.0775 -0.15 2 1 0
17397 0.045 0.11 -0.15 2 1 0
17398 0.11 0.11 -0.15 2 1 0
17401 0.305 0.11 -0.15 2 1 0
17421 0.2725 0.1425 -0.15 2 1 0
17441 0.24 0.175 -0.15 2 1 0
17442 0.305 0.175 -0.15 2 1 0
17461 0.2075 0.2075 -0.15 2 1 0
17462 0.2725 0.2075 -0.15 2 1 0
17481 0.175 0.24 -0.15 2 1 0
17482 0.24 0.24 -0.15 2 1 0
17483 0.305 0.24 -0.15 2 1 0
17501 0.1425 0.2725 -0.15 2 1 0
17502 0.2075 0.2725 -0.15 2 1 0
17503 0.2725 0.2725 -0.15 2 1 0
17521 0.11 0.305 -0.15 2 1 0
17522 0.175 0.305 -0.15 2 1 0
17523 0.24 0.305 -0.15 2 1 0
17524 0.305 0.305 -0.15 2 1 0
18009 -0.15 -0.2475 -0.1175 2 1 0
18029 -0.1825 -0.215 -0.1175 2 1 0
18030 -0.1175 -0.215 -0.1175 2 1 0
18049 -0.215 -0.1825 -0.1175 2 1 0
18050 -0.15 -0.1825 -0.1175 2 1 0
18051 -0.085 -0.1825 -0.1175 2 1 0
18069 -0.2475 -0.15 -0.1175 2 1 0
18070 -0.1825 -0.15 -0.1175 2 1 0
18071 -0.1175 -0.15 -0.1175 2 1 0
18072 -0.0525 -0.15 -0.1175 2 1 0
18090 -0.215 -0.1175 -0.1175 2 1 0
18091 -0.15 -0.1175 -0.1175 2 1 0
18092 -0.085 -0.1175 -0.1175 2 1 0
18093 -0.02 -0.1175 -0.1175 2 1 0
18111 -0.1825 -0.085 -0.1175 2 1 0
18112 -0.1175 -0.085 -0.1175 2 1 0
18113 -0.0525 -0.085 -0.1175 2 1 0
18114 0.0125 -0.085 -0.1175 2 1 0
18132 -0.15 -0.0525 -0.1175 2 1 0
18133 -0.085 -0.0525 -0.1175 2 1 0
18134 -0.02 -0.0525 -0.1175 2 1 0
18153 -0.1175 -0.02 -0.1175 2 1 0
18154 -0.0525 -0.02 -0.1175 2 1 0
18155 0.0125 -0.02 -0.1175 2 1 0
18174 -0.085 0.0125 -0.1175 2 1 0
18175 -0.02 0.0125 -0.1175 2 1 0
18176 0.045 0.0125 -0.1175 2 1 0
18196 0.0125 0.045 -0.1175 2 1 0
18197 0.0775 0.045 -0.1175 2 1 0
18198 0.1425 0.045 -0.1175 2 1 0
18217 0.045 0.0775 -0.1175 2 1 0
18218 0.11 0.0775 -0.1175 2 1 0
18238 0.0775 0.11 -0.1175 2 1 0
18258 0.045 0.1425 -0.1175 2 1 0
18282 0.2725 0.175 -0.1175 2 1 0
18302 0.24 0.2075 -0.1175 2 1 0
18303 0.305 0.2075 -0.1175 2 1 0
18322 0.2075 0.24 -0.1175 2 1 0
18323 0.2725 0.24 -0.1175 2 1 0
18342 0.175 0.2725 -0.1175 2 1 0
18343 0.24 0.2725 -0.1175 2 1 0
18363 0.2075 0.305 -0.1175 2 1 0
18870 -0.15 -0.215 -0.085 2 1 0
18871 -0.085 -0.215 -0.085 2 1 0
18890 -0.1825 -0.1825 -0.085 2 1 0
18891 -0.1175 -0.1825 -0.085 2 1 0
18892 -0.0525 -0.1825 -0.085 2 1 0
18910 -0.215 -0.15 -0.085 2 1 0
18911 -0.15 -0.15 -0.085 2 1 0
18912 -0.085 -0.15 -0.085 2 1 0
18913 -0.02 -0.15 -0.085 2 1 0
18931 -0.1825 -0.1175 -0.085 2 1 0
18932 -0.1175 -0.1175 -0.085 2 1 0
18933 -0.0525 -0.1175 -0.085 2 1 0
18934 0.0125 -0.1175 -0.085 2 1 0
18951 -0.215 -0.085 -0.085 2 1 0
18952 -0.15 -0.085 -0.085 2 1 0
18953 -0.085 -0.085 -0.085 2 1 0
18954 -0.02 -0.085 -0.085 2 1 0
18972 -0.1825 -0.0525 -0.085 2 1 0
18973 -0.1175 -0.0525 -0.085 2 1 0
18974 -0.0525 -0.0525 -0.085 2 1 0
18975 0.0125 -0.0525 -0.085 2 1 0
18993 -0.15 -0.02 -0.085 2 1 0
18994 -0.085 -0.02 -0.085 2 1 0
18995 -0.02 -0.02 -0.085 2 1 0
18996 0.045 -0.02 -0.085 2 1 0
19014 -0.1175 0.0125 -0.085 2 1 0
19015 -0.0525 0.0125 -0.085 2 1 0
19016 0.0125 0.0125 -0.085 2 1 0
19017 0.0775 0.0125 -0.085 2 1 0
19036 -0.02 0.045 -0.085 2 1 0
19037 0.045 0.045 -0.085 2 1 0
19038 0.11 0.045 -0.085 2 1 0
19057 0.0125 0.0775 -0.085 2 1 0
19058 0.0775 0.0775 -0.085 2 1 0
19059 0.1425 0.0775 -0.085 2 1 0
19078 0.045 0.11 -0.085 2 1 0
19079 0.11 0.11 -0.085 2 1 0
19099 0.0775 0.1425 -0.085 2 1 0
19102 0.2725 0.1425 -0.085 2 1 0
19122 0.24 0.175 -0.085 2 1 0
19142 0.2075 0.2075 -0.085 2 1 0
19143 0.2725 0.2075 -0.085 2 1 0
19162 0.175 0.24 -0.085 2 1 0
19163 0.24 0.24 -0.085 2 1 0
19182 0.1425 0.2725 -0.085 2 1 0
19183 0.2075 0.2725 -0.085 2 1 0
19184 0.2725 0.2725 -0.085 2 1 0
19732 -0.085 -0.1825 -0.0525 2 1 0
19752 -0.1175 -0.15 -0.0525 2 1 0
19753 -0.0525 -0.15 -0.0525 2 1 0
19772 -0.15 -0.1175 -0.0525 2 1 0
19773 -0.085 -0.1175 -0.0525 2 1 0
19774 -0.02 -0.1175 -0.0525 2 1 0
19792 -0.1825 -0.085 -0.0525 2 1 0
19793 -0.1175 -0.085 -0.0525 2 1 0
19794 -0.0525 -0.085 -0.0525 2 1 0
19795 0.0125 -0.085 -0.0525 2 1 0
19813 -0.15 -0.0525 -0.0525 2 1 0
19814 -0.085 -0.0525 -0.0525 2 1 0
19815 -0.02 -0.0525 -0.0525 2 1 0
19816 0.045 -0.0525 -0.0525 2 1 0
19834 -0.1175 -0.02 -0.0525 2 1 0
19835 -0.0525 -0.02 -0.0525 2 1 0
19836 0.0125 -0.02 -0.0525 2 1 0
19837 0.0775 -0.02 -0.0525 2 1 0
19855 -0.085 0.0125 -0.0525 2 1 0
19856 -0.02 0.0125 -0.0525 2 1 0
19857 0.045 0.0125 -0.0525 2 1 0
19858 0.11 0.0125 -0.0525 2 1 0
19859 0.175 0.0125 -0.0525 2 1 0
19863 0.435 0.0125 -0.0525 2 1 0
19876 -0.0525 0.045 -0.0525 2 1 0
19877 0.0125 0.045 -0.0525 2 1 0
19878 0.0775 0.045 -0.0525 2 1 0
19879 0.1425 0.045 -0.0525 2 1 0
19884 0.4675 0.045 -0.0525 2 1 0
19897 -0.02 0.0775 -0.0525 2 1 0
19898 0.045 0.0775 -0.0525 2 1 0
19899 0.11 0.0775 -0.0525 2 1 0
19904 0.435 0.0775 -0.0525 2 1 0
19918 0.0125 0.11 -0.0525 2 1 0
19919 0.0775 0.11 -0.0525 2 1 0
19924 0.4025 0.11 -0.0525 2 1 0
19939 0.045 0.1425 -0.0525 2 1 0
19959 0.0125 0.175 -0.0525 2 1 0
19983 0.24 0.2075 -0.0525 2 1 0
20003 0.2075 0.24 -0.0525 2 1 0
20104 0.11 0.4025 -0.0525 2 1 0
20123 0.0125 0.435 -0.0525 2 1 0
20124 0.0775 0.435 -0.0525 2 1 0
20144 0.045 0.4675 -0.0525 2 1 0
20593 -0.085 -0.15 -0.02 2 1 0
20594 -0.02 -0.15 -0.02 2 1 0
20613 -0.1175 -0.1175 -0.02 2 1 0
20614 -0.0525 -0.1175 -0.02 2 1 0
20615 0.0125 -0.1175 -0.02 2 1 0
20633 -0.15 -0.085 -0.02 2 1 0
20634 -0.085 -0.085 -0.02 2 1 0
20635 -0.02 -0.085 -0.02 2 1 0
20636 0.045 -0.085 -0.02 2 1 0
20654 -0.1175 -0.0525 -0.02 2 1 0
20655 -0.0525 -0.0525 -0.02 2 1 0
20656 0.0125 -0.0525 -0.02 2 1 0
20657 0.0775 -0.0525 -0.02 2 1 0
20674 -0.15 -0.02 -0.02 2 1 0
20675 -0.085 -0.02 -0.02 2 1 0
20676 -0.02 -0.02 -0.02 2 1 0
20677 0.045 -0.02 -0.02 2 1 0
20678 0.11 -0.02 -0.02 2 1 0
20679 0.175 -0.02 -0.02 2 1 0
20683 0.435 -0.02 -0.02 2 1 0
20695 -0.1175 0.0125 -0.02 2 1 0
20696 -0.0525 0.0125 -0.02 2 1 0
20697 0.0125 0.0125 -0.02 2 1 0
20698 0.0775 0.0125 -0.02 2 1 0
20699 0.1425 0.0125 -0.02 2 1 0
20703 0.4025 0.0125 -0.02 2 1 0
20704 0.4675 0.0125 -0.02 2 1 0
20716 -0.085 0.045 -0.02 2 1 0
20717 -0.02 0.045 -0.02 2 1 0
20718 0.045 0.045 -0.02 2 1 0
20719 0.11 0.045 -0.02 2 1 0
20720 0.175 0.045 -0.02 2 1 0
20724 0.435 0.045 -0.02 2 1 0
20737 -0.0525 0.0775 -0.02 2 1 0
20738 0.0125 0.0775 -0.02 2 1 0
20739 0.0775 0.0775 -0.02 2 1 0
20740 0.1425 0.0775 -0.02 2 1 0
20744 0.4025 0.0775 -0.02 2 1 0
20758 -0.02 0.11 -0.02 2 1 0
20759 0.045 0.11 -0.02 2 1 0
20760 0.11 0.11 -0.02 2 1 0
20779 0.0125 0.1425 -0.02 2 1 0
20780 0.0775 0.1425 -0.02 2 1 0
20799 -0.02 0.175 -0.02 2 1 0
20800 0.045 0.175 -0.02 2 1 0
20823 0.2075 0.2075 -0.02 2 1 0
20943 0.0125 0.4025 -0.02 2 1 0
20944 0.0775 0.4025 -0.02 2 1 0
20963 -0.02 0.435 -0.02 2 1 0
20964 0.045 0.435 -0.02 2 1 0
20984 0.0125 0.4675 -0.02 2 1 0
21454 -0.085 -0.1175 0.0125 2 1 0
21455 -0.02 -0.1175 0.0125 2 1 0
21456 0.045 -0.1175 0.0125 2 1 0
21474 -0.1175 -0.085 0.0125 2 1 0
21475 -0.0525 -0.085 0.0125 2 1 0
21476 0.0125 -0.085 0.0125 2 1 0
21477 0.0775 -0.085 0.0125 2 1 0
21495 -0.085 -0.0525 0.0125 2 1 0
21496 -0.02 -0.0525 0.0125 2 1 0
21497 0.045 -0.0525 0.0125 2 1 0
21498 0.11 -0.0525 0.0125 2 1 0
21499 0.175 -0.0525 0.0125 2 1 0
21503 0.435 -0.0525 0.0125 2 1 0
21515 -0.1175 -0.02 0.0125 2 1 0
21516 -0.0525 -0.02 0.0125 2 1 0
21517 0.0125 -0.02 0.0125 2 1 0
21518 0.0775 -0.02 0.0125 2 1 0
21519 0.1425 -0.02 0.0125 2 1 0
21523 0.4025 -0.02 0.0125 2 1 0
21524 0.4675 -0.02 0.0125 2 1 0
21536 -0.085 0.0125 0.0125 2 1 0
21537 -0.02 0.0125 0.0125 2 1 0
21538 0.045 0.0125 0.0125 2 1 0
21539 0.11 0.0125 0.0125 2 1 0
21540 0.175 0.0125 0.0125 2 1 0
21543 0.37 0.0125 0.0125 2 1 0
21544 0.435 0.0125 0.0125 2 1 0
21545 0.5 0.0125 0.0125 2 1 0
21556 -0.1175 0.045 0.0125 2 1 0
21557 -0.0525 0.045 0.0125 2 1 0
21558 0.0125 0.045 0.0125 2 1 0
21559 0.0775 0.045 0.0125 2 1 0
21560 0.1425 0.045 0.0125 2 1 0
21564 0.4025 0.045 0.0125 2 1 0
21565 0.4675 0.045 0.0125 2 1 0
21577 -0.085 0.0775 0.0125 2 1 0
21578 -0.02 0.0775 0.0125 2 1 0
21579 0.045 0.0775 0.0125 2 1 0
21580 0.11 0.0775 0.0125 2 1 0
21584 0.37 0.0775 0.0125 2 1 0
21585 0.435 0.0775 0.0125 2 1 0
21598 -0.0525 0.11 0.0125 2 1 0
21599 0.0125 0.11 0.0125 2 1 0
21600 0.0775 0.11 0.0125 2 1 0
21605 0.4025 0.11 0.0125 2 1 0
21619 -0.02 0.1425 0.0125 2 1 0
21620 0.045 0.1425 0.0125 2 1 0
21625 0.37 0.1425 0.0125 2 1 0
21639 -0.0525 0.175 0.0125 2 1 0
21640 0.0125 0.175 0.0125 2 1 0
21763 0.0125 0.37 0.0125 2 1 0
21764 0.0775 0.37 0.0125 2 1 0
21765 0.1425 0.37 0.0125 2 1 0
21783 -0.02 0.4025 0.0125 2 1 0
21784 0.045 0.4025 0.0125 2 1 0
21785 0.11 0.4025 0.0125 2 1 0
21803 -0.0525 0.435 0.0125 2 1 0
21804 0.0125 0.435 0.0125 2 1 0
21805 0.0775 0.435 0.0125 2 1 0
21824 -0.02 0.4675 0.0125 2 1 0
21825 0.045 0.4675 0.0125 2 1 0
21845 0.0125 0.5 0.0125 2 1 0
22277 0.11 -0.15 0.045 2 1 0
22296 0.0125 -0.1175 0.045 2 1 0
22297 0.0775 -0.1175 0.045 2 1 0
22298 0.1425 -0.1175 0.045 2 1 0
22316 -0.02 -0.085 0.045 2 1 0
22317 0.045 -0.085 0.045 2 1 0
22318 0.11 -0.085 0.045 2 1 0
22336 -0.0525 -0.0525 0.045 2 1 0
22337 0.0125 -0.0525 0.045 2 1 0
22338 0.0775 -0.0525 0.045 2 1 0
22339 0.1425 -0.0525 0.045 2 1 0
22344 0.4675 -0.0525 0.045 2 1 0
22356 -0.085 -0.02 0.045 2 1 0
22357 -0.02 -0.02 0.045 2 1 0
22358 0.045 -0.02 0.045 2 1 0
22359 0.11 -0.02 0.045 2 1 0
22360 0.175 -0.02 0.045 2 1 0
22364 0.435 -0.02 0.045 2 1 0
22376 -0.1175 0.0125 0.045 2 1 0
22377 -0.0525 0.0125 0.045 2 1 0
22378 0.0125 0.0125 0.045 2 1 0
22379 0.0775 0.0125 0.045 2 1 0
22380 0.1425 0.0125 0.045 2 1 0
22384 0.4025 0.0125 0.045 2 1 0
22385 0.4675 0.0125 0.045 2 1 0
22397 -0.085 0.045 0.045 2 1 0
22398 -0.02 0.045 0.045 2 1 0
22399 0.045 0.045 0.045 2 1 0
22400 0.11 0.045 0.045 2 1 0
22401 0.175 0.045 0.045 2 1 0
22404 0.37 0.045 0.045 2 1 0
22405 0.435 0.045 0.045 2 1 0
22417 -0.1175 0.0775 0.045 2 1 0
22418 -0.0525 0.0775 0.045 2 1 0
22419 0.0125 0.0775 0.045 2 1 0
22420 0.0775 0.0775 0.045 2 1 0
22421 0.1425 0.0775 0.045 2 1 0
22424 0.3375 0.0775 0.045 2 1 0
22425 0.4025 0.0775 0.045 2 1 0
22426 0.4675 0.0775 0.045 2 1 0
22437 -0.15 0.11 0.045 2 1 0
22438 -0.085 0.11 0.045 2 1 0
22439 -0.02 0.11 0.045 2 1 0
22440 0.045 0.11 0.045 2 1 0
22441 0.11 0.11 0.045 2 1 0
22445 0.37 0.11 0.045 2 1 0
22446 0.435 0.11 0.045 2 1 0
22458 -0.1175 0.1425 0.045 2 1 0
22459 -0.0525 0.1425 0.045 2 1 0
22460 0.0125 0.1425 0.045 2 1 0
22461 0.0775 0.1425 0.045 2 1 0
22465 0.3375 0.1425 0.045 2 1 0
22466 0.4025 0.1425 0.045 2 1 0
22480 -0.02 0.175 0.045 2 1 0
22481 0.045 0.175 0.045 2 1 0
22486 0.37 0.175 0.045 2 1 0
22584 0.0775 0.3375 0.045 2 1 0
22585 0.1425 0.3375 0.045 2 1 0
22604 0.045 0.37 0.045 2 1 0
22605 0.11 0.37 0.045 2 1 0
22606 0.175 0.37 0.045 2 1 0
22624 0.0125 0.4025 0.045 2 1 0
22625 0.0775 0.4025 0.045 2 1 0
22626 0.1425 0.4025 0.045 2 1 0
22644 -0.02 0.435 0.045 2 1 0
22645 0.045 0.435 0.045 2 1 0
22646 0.11 0.435 0.045 2 1 0
22664 -0.0525 0.4675 0.045 2 1 0
22665 0.0125 0.4675 0.045 2 1 0
22666 0.0775 0.4675 0.045 2 1 0
22672 0.4675 0.4675 0.045 2 1 0
23117 0.0775 -0.15 0.0775 2 1 0
23137 0.045 -0.1175 0.0775 2 1 0
23138 0.11 -0.1175 0.0775 2 1 0
23157 0.0125 -0.085 0.0775 2 1 0
23158 0.0775 -0.085 0.0775 2 1 0
23159 0.1425 -0.085 0.0775 2 1 0
23177 -0.02 -0.0525 0.0775 2 1 0
23178 0.045 -0.0525 0.0775 2 1 0
23179 0.11 -0.0525 0.0775 2 1 0
23184 0.435 -0.0525 0.0775 2 1 0
23197 -0.0525 -0.02 0.0775 2 1 0
23198 0.0125 -0.02 0.0775 2 1 0
23199 0.0775 -0.02 0.0775 2 1 0
23200 0.1425 -0.02 0.0775 2 1 0
23204 0.4025 -0.02 0.0775 2 1 0
23217 -0.085 0.0125 0.0775 2 1 0
23218 -0.02 0.0125 0.0775 2 1 0
23219 0.045 0.0125 0.0775 2 1 0
23220 0.11 0.0125 0.0775 2 1 0
23224 0.37 0.0125 0.0775 2 1 0
23225 0.435 0.0125 0.0775 2 1 0
23237 -0.1175 0.045 0.0775 2 1 0
23238 -0.0525 0.045 0.0775 2 1 0
23239 0.0125 0.045 0.0775 2 1 0
23240 0.0775 0.045 0.0775 2 1 0
23241 0.1425 0.045 0.0775 2 1 0
23244 0.3375 0.045 0.0775 2 1 0
23245 0.4025 0.045 0.0775 2 1 0
23246 0.4675 0.045 0.0775 2 1 0
23257 -0.15 0.0775 0.0775 2 1 0
23258 -0.085 0.0775 0.0775 2 1 0
23259 -0.02 0.0775 0.0775 2 1 0
23260 0.045 0.0775 0.0775 2 1 0
23261 0.11 0.0775 0.0775 2 1 0
23265 0.37 0.0775 0.0775 2 1 0
23266 0.435 0.0775 0.0775 2 1 0
23278 -0.1175 0.11 0.0775 2 1 0
23279 -0.0525 0.11 0.0775 2 1 0
23280 0.0125 0.11 0.0775 2 1 0
23281 0.0775 0.11 0.0775 2 1 0
23285 0.3375 0.11 0.0775 2 1 0
23286 0.4025 0.11 0.0775 2 1 0
23299 -0.085 0.1425 0.0775 2 1 0
23300 -0.02 0.1425 0.0775 2 1 0
23301 0.045 0.1425 0.0775 2 1 0
23305 0.305 0.1425 0.0775 2 1 0
23306 0.37 0.1425 0.0775 2 1 0
23405 0.1425 0.305 0.0775 2 1 0
23424 0.045 0.3375 0.0775 2 1 0
23425 0.11 0.3375 0.0775 2 1 0
23444 0.0125 0.37 0.0775 2 1 0
23445 0.0775 0.37 0.0775 2 1 0
23446 0.1425 0.37 0.0775 2 1 0
23464 -0.02 0.4025 0.0775 2 1 0
23465 0.045 0.4025 0.0775 2 1 0
23466 0.11 0.4025 0.0775 2 1 0
23484 -0.0525 0.435 0.0775 2 1 0
23485 0.0125 0.435 0.0775 2 1 0
23486 0.0775 0.435 0.0775 2 1 0
23506 0.045 0.4675 0.0775 2 1 0
23900 0.3375 -0.2475 0.11 2 1 0
23957 0.045 -0.15 0.11 2 1 0
23958 0.11 -0.15 0.11 2 1 0
23961 0.305 -0.15 0.11 2 1 0
23978 0.0775 -0.1175 0.11 2 1 0
23998 0.045 -0.085 0.11 2 1 0
23999 0.11 -0.085 0.11 2 1 0
24018 0.0125 -0.0525 0.11 2 1 0
24019 0.0775 -0.0525 0.11 2 1 0
24024 0.4025 -0.0525 0.11 2 1 0
24038 -0.02 -0.02 0.11 2 1 0
24039 0.045 -0.02 0.11 2 1 0
24040 0.11 -0.02 0.11 2 1 0
24058 -0.0525 0.0125 0.11 2 1 0
24059 0.0125 0.0125 0.11 2 1 0
24060 0.0775 0.0125 0.11 2 1 0
24065 0.4025 0.0125 0.11 2 1 0
24077 -0.15 0.045 0.11 2 1 0
24078 -0.085 0.045 0.11 2 1 0
24079 -0.02 0.045 0.11 2 1 0
24080 0.045 0.045 0.11 2 1 0
24081 0.11 0.045 0.11 2 1 0
24085 0.37 0.045 0.11 2 1 0
24086 0.435 0.045 0.11 2 1 0
24098 -0.1175 0.0775 0.11 2 1 0
24099 -0.0525 0.0775 0.11 2 1 0
24100 0.0125 0.0775 0.11 2 1 0
24101 0.0775 0.0775 0.11 2 1 0
24105 0.3375 0.0775 0.11 2 1 0
24106 0.4025 0.0775 0.11 2 1 0
24118 -0.15 0.11 0.11 2 1 0
24119 -0.085 0.11 0.11 2 1 0
24120 -0.02 0.11 0.11 2 1 0
24121 0.045 0.11 0.11 2 1 0
24122 0.11 0.11 0.11 2 1 0
24125 0.305 0.11 0.11 2 1 0
24126 0.37 0.11 0.11 2 1 0
24127 0.435 0.11 0.11 2 1 0
24241 -0.15 0.305 0.11 2 1 0
24245 0.11 0.305 0.11 2 1 0
24260 -0.2475 0.3375 0.11 2 1 0
24265 0.0775 0.3375 0.11 2 1 0
24285 0.045 0.37 0.11 2 1 0
24286 0.11 0.37 0.11 2 1 0
24304 -0.0525 0.4025 0.11 2 1 0
24305 0.0125 0.4025 0.11 2 1 0
24306 0.0775 0.4025 0.11 2 1 0
24326 0.045 0.435 0.11 2 1 0
24327 0.11 0.435 0.11 2 1 0
24719 0.2725 -0.28 0.1425 2 1 0
24740 0.305 -0.2475 0.1425 2 1 0
24760 0.2725 -0.215 0.1425 2 1 0
24761 0.3375 -0.215 0.1425 2 1 0
24801 0.2725 -0.15 0.1425 2 1 0
24818 0.045 -0.1175 0.1425 2 1 0
24839 0.0775 -0.085 0.1425 2 1 0
24842 0.2725 -0.085 0.1425 2 1 0
24859 0.045 -0.0525 0.1425 2 1 0
24879 0.0125 -0.02 0.1425 2 1 0
24880 0.0775 -0.02 0.1425 2 1 0
24899 -0.02 0.0125 0.1425 2 1 0
24900 0.045 0.0125 0.1425 2 1 0
24905 0.37 0.0125 0.1425 2 1 0
24918 -0.1175 0.045 0.1425 2 1 0
24919 -0.0525 0.045 0.1425 2 1 0
24920 0.0125 0.045 0.1425 2 1 0
24921 0.0775 0.045 0.1425 2 1 0
24925 0.3375 0.045 0.1425 2 1 0
24926 0.4025 0.045 0.1425 2 1 0
24939 -0.085 0.0775 0.1425 2 1 0
24940 -0.02 0.0775 0.1425 2 1 0
24941 0.045 0.0775 0.1425 2 1 0
24945 0.305 0.0775 0.1425 2 1 0
24946 0.37 0.0775 0.1425 2 1 0
25059 -0.28 0.2725 0.1425 2 1 0
25060 -0.215 0.2725 0.1425 2 1 0
25061 -0.15 0.2725 0.1425 2 1 0
25062 -0.085 0.2725 0.1425 2 1 0
25080 -0.2475 0.305 0.1425 2 1 0
25085 0.0775 0.305 0.1425 2 1 0
25101 -0.215 0.3375 0.1425 2 1 0
25105 0.045 0.3375 0.1425 2 1 0
25125 0.0125 0.37 0.1425 2 1 0
25126 0.0775 0.37 0.1425 2 1 0
25146 0.045 0.4025 0.1425 2 1 0
25539 0.2725 -0.3125 0.175 2 1 0
25559 0.24 -0.28 0.175 2 1 0
25560 0.305 -0.28 0.175 2 1 0
25580 0.2725 -0.2475 0.175 2 1 0
25581 0.3375 -0.2475 0.175 2 1 0
25600 0.24 -0.215 0.175 2 1 0
25601 0.305 -0.215 0.175 2 1 0
25641 0.24 -0.15 0.175 2 1 0
25642 0.305 -0.15 0.175 2 1 0
25662 0.2725 -0.1175 0.175 2 1 0
25682 0.24 -0.085 0.175 2 1 0
25699 0.0125 -0.0525 0.175 2 1 0
25719 -0.02 -0.02 0.175 2 1 0
25720 0.045 -0.02 0.175 2 1 0
25739 -0.0525 0.0125 0.175 2 1 0
25740 0.0125 0.0125 0.175 2 1 0
25760 -0.02 0.045 0.175 2 1 0
25761 0.045 0.045 0.175 2 1 0
25766 0.37 0.045 0.175 2 1 0
25879 -0.28 0.24 0.175 2 1 0
25880 -0.215 0.24 0.175 2 1 0
25881 -0.15 0.24 0.175 2 1 0
25882 -0.085 0.24 0.175 2 1 0
25887 0.24 0.24 0.175 2 1 0
25888 0.305 0.24 0.175 2 1 0
25899 -0.3125 0.2725 0.175 2 1 0
25900 -0.2475 0.2725 0.175 2 1 0
25902 -0.1175 0.2725 0.175 2 1 0
25908 0.2725 0.2725 0.175 2 1 0
25920 -0.28 0.305 0.175 2 1 0
25921 -0.215 0.305 0.175 2 1 0
25922 -0.15 0.305 0.175 2 1 0
25928 0.24 0.305 0.175 2 1 0
25941 -0.2475 0.3375 0.175 2 1 0
25966 0.045 0.37 0.175 2 1 0
26358 0.2075 -0.345 0.2075 2 1 0
26379 0.24 -0.3125 0.2075 2 1 0
26380 0.305 -0.3125 0.2075 2 1 0
26399 0.2075 -0.28 0.2075 2 1 0
26400 0.2725 -0.28 0.2075 2 1 0
26401 0.3375 -0.28 0.2075 2 1 0
26420 0.24 -0.2475 0.2075 2 1 0
26421 0.305 -0.2475 0.2075 2 1 0
26422 0.37 -0.2475 0.2075 2 1 0
26440 0.2075 -0.215 0.2075 2 1 0
26441 0.2725 -0.215 0.2075 2 1 0
26442 0.3375 -0.215 0.2075 2 1 0
26481 0.2075 -0.15 0.2075 2 1 0
26482 0.2725 -0.15 0.2075 2 1 0
26502 0.24 -0.1175 0.2075 2 1 0
26503 0.305 -0.1175 0.2075 2 1 0
26522 0.2075 -0.085 0.2075 2 1 0
26523 0.2725 -0.085 0.2075 2 1 0
26543 0.24 -0.0525 0.2075 2 1 0
26563 0.2075 -0.02 0.2075 2 1 0
26698 -0.345 0.2075 0.2075 2 1 0
26699 -0.28 0.2075 0.2075 2 1 0
26700 -0.215 0.2075 0.2075 2 1 0
26701 -0.15 0.2075 0.2075 2 1 0
26702 -0.085 0.2075 0.2075 2 1 0
26703 -0.02 0.2075 0.2075 2 1 0
26707 0.24 0.2075 0.2075 2 1 0
26708 0.305 0.2075 0.2075 2 1 0
26719 -0.3125 0.24 0.2075 2 1 0
26720 -0.2475 0.24 0.2075 2 1 0
26722 -0.1175 0.24 0.2075 2 1 0
26723 -0.0525 0.24 0.2075 2 1 0
26727 0.2075 0.24 0.2075 2 1 0
26728 0.2725 0.24 0.2075 2 1 0
26740 -0.28 0.2725 0.2075 2 1 0
26741 -0.215 0.2725 0.2075 2 1 0
26742 -0.15 0.2725 0.2075 2 1 0
26743 -0.085 0.2725 0.2075 2 1 0
26748 0.24 0.2725 0.2075 2 1 0
26760 -0.3125 0.305 0.2075 2 1 0
26761 -0.2475 0.305 0.2075 2 1 0
26763 -0.1175 0.305 0.2075 2 1 0
26768 0.2075 0.305 0.2075 2 1 0
26781 -0.28 0.3375 0.2075 2 1 0
26782 -0.215 0.3375 0.2075 2 1 0
26802 -0.2475 0.37 0.2075 2 1 0
27199 0.24 -0.345 0.24 2 1 0
27219 0.2075 -0.3125 0.24 2 1 0
27220 0.2725 -0.3125 0.24 2 1 0
27239 0.175 -0.28 0.24 2 1 0
27240 0.24 -0.28 0.24 2 1 0
27241 0.305 -0.28 0.24 2 1 0
27242 0.37 -0.28 0.24 2 1 0
27260 0.2075 -0.2475 0.24 2 1 0
27261 0.2725 -0.2475 0.24 2 1 0
27262 0.3375 -0.2475 0.24 2 1 0
27280 0.175 -0.215 0.24 2 1 0
27281 0.24 -0.215 0.24 2 1 0
27282 0.305 -0.215 0.24 2 1 0
27321 0.175 -0.15 0.24 2 1 0
27322 0.24 -0.15 0.24 2 1 0
27323 0.305 -0.15 0.24 2 1 0
27342 0.2075 -0.1175 0.24 2 1 0
27343 0.2725 -0.1175 0.24 2 1 0
27362 0.175 -0.085 0.24 2 1 0
27363 0.24 -0.085 0.24 2 1 0
27383 0.2075 -0.0525 0.24 2 1 0
27519 -0.28 0.175 0.24 2 1 0
27520 -0.215 0.175 0.24 2 1 0
27521 -0.15 0.175 0.24 2 1 0
27522 -0.085 0.175 0.24 2 1 0
27527 0.24 0.175 0.24 2 1 0
27528 0.305 0.175 0.24 2 1 0
27539 -0.3125 0.2075 0.24 2 1 0
27540 -0.2475 0.2075 0.24 2 1 0
27542 -0.1175 0.2075 0.24 2 1 0
27543 -0.0525 0.2075 0.24 2 1 0
27547 0.2075 0.2075 0.24 2 1 0
27548 0.2725 0.2075 0.24 2 1 0
27559 -0.345 0.24 0.24 2 1 0
27560 -0.28 0.24 0.24 2 1 0
27561 -0.215 0.24 0.24 2 1 0
27562 -0.15 0.24 0.24 2 1 0
27563 -0.085 0.24 0.24 2 1 0
27567 0.175 0.24 0.24 2 1 0
27568 0.24 0.24 0.24 2 1 0
27569 0.305 0.24 0.24 2 1 0
27580 -0.3125 0.2725 0.24 2 1 0
27581 -0.2475 0.2725 0.24 2 1 0
27583 -0.1175 0.2725 0.24 2 1 0
27588 0.2075 0.2725 0.24 2 1 0
27589 0.2725 0.2725 0.24 2 1 0
27601 -0.28 0.305 0.24 2 1 0
27602 -0.215 0.305 0.24 2 1 0
27603 -0.15 0.305 0.24 2 1 0
27608 0.175 0.305 0.24 2 1 0
27609 0.24 0.305 0.24 2 1 0
27622 -0.2475 0.3375 0.24 2 1 0
27642 -0.28 0.37 0.24 2 1 0
28059 0.175 -0.3125 0.2725 2 1 0
28060 0.24 -0.3125 0.2725 2 1 0
28061 0.305 -0.3125 0.2725 2 1 0
28062 0.37 -0.3125 0.2725 2 1 0
28079 0.1425 -0.28 0.2725 2 1 0
28080 0.2075 -0.28 0.2725 2 1 0
28081 0.2725 -0.28 0.2725 2 1 0
28082 0.3375 -0.28 0.2725 2 1 0
28100 0.175 -0.2475 0.2725 2 1 0
28101 0.24 -0.2475 0.2725 2 1 0
28102 0.305 -0.2475 0.2725 2 1 0
28103 0.37 -0.2475 0.2725 2 1 0
28120 0.1425 -0.215 0.2725 2 1 0
28121 0.2075 -0.215 0.2725 2 1 0
28122 0.2725 -0.215 0.2725 2 1 0
28123 0.3375 -0.215 0.2725 2 1 0
28161 0.1425 -0.15 0.2725 2 1 0
28162 0.2075 -0.15 0.2725 2 1 0
28163 0.2725 -0.15 0.2725 2 1 0
28182 0.175 -0.1175 0.2725 2 1 0
28183 0.24 -0.1175 0.2725 2 1 0
28202 0.1425 -0.085 0.2725 2 1 0
28203 0.2075 -0.085 0.2725 2 1 0
28204 0.2725 -0.085 0.2725 2 1 0
28339 -0.28 0.1425 0.2725 2 1 0
28340 -0.215 0.1425 0.2725 2 1 0
28341 -0.15 0.1425 0.2725 2 1 0
28342 -0.085 0.1425 0.2725 2 1 0
28359 -0.3125 0.175 0.2725 2 1 0
28360 -0.2475 0.175 0.2725 2 1 0
28362 -0.1175 0.175 0.2725 2 1 0
28368 0.2725 0.175 0.2725 2 1 0
28380 -0.28 0.2075 0.2725 2 1 0
28381 -0.215 0.2075 0.2725 2 1 0
28382 -0.15 0.2075 0.2725 2 1 0
28383 -0.085 0.2075 0.2725 2 1 0
28388 0.24 0.2075 0.2725 2 1 0
28400 -0.3125 0.24 0.2725 2 1 0
28401 -0.2475 0.24 0.2725 2 1 0
28403 -0.1175 0.24 0.2725 2 1 0
28408 0.2075 0.24 0.2725 2 1 0
28409 0.2725 0.24 0.2725 2 1 0
28421 -0.28 0.2725 0.2725 2 1 0
28422 -0.215 0.2725 0.2725 2 1 0
28423 -0.15 0.2725 0.2725 2 1 0
28424 -0.085 0.2725 0.2725 2 1 0
28428 0.175 0.2725 0.2725 2 1 0
28429 0.24 0.2725 0.2725 2 1 0
28441 -0.3125 0.305 0.2725 2 1 0
28442 -0.2475 0.305 0.2725 2 1 0
28462 -0.28 0.3375 0.2725 2 1 0
28463 -0.215 0.3375 0.2725 2 1 0
28482 -0.3125 0.37 0.2725 2 1 0
28483 -0.2475 0.37 0.2725 2 1 0
28900 0.2075 -0.3125 0.305 2 1 0
28901 0.2725 -0.3125 0.305 2 1 0
28902 0.3375 -0.3125 0.305 2 1 0
28903 0.4025 -0.3125 0.305 2 1 0
28920 0.175 -0.28 0.305 2 1 0
28921 0.24 -0.28 0.305 2 1 0
28922 0.305 -0.28 0.305 2 1 0
28923 0.37 -0.28 0.305 2 1 0
28940 0.1425 -0.2475 0.305 2 1 0
28941 0.2075 -0.2475 0.305 2 1 0
28942 0.2725 -0.2475 0.305 2 1 0
28943 0.3375 -0.2475 0.305 2 1 0
28961 0.175 -0.215 0.305 2 1 0
28962 0.24 -0.215 0.305 2 1 0
28963 0.305 -0.215 0.305 2 1 0
29001 0.11 -0.15 0.305 2 1 0
29002 0.175 -0.15 0.305 2 1 0
29003 0.24 -0.15 0.305 2 1 0
29004 0.305 -0.15 0.305 2 1 0
29023 0.2075 -0.1175 0.305 2 1 0
29145 0.1425 0.0775 0.305 2 1 0
29161 -0.15 0.11 0.305 2 1 0
29165 0.11 0.11 0.305 2 1 0
29180 -0.2475 0.1425 0.305 2 1 0
29185 0.0775 0.1425 0.305 2 1 0
29200 -0.28 0.175 0.305 2 1 0
29201 -0.215 0.175 0.305 2 1 0
29202 -0.15 0.175 0.305 2 1 0
29208 0.24 0.175 0.305 2 1 0
29220 -0.3125 0.2075 0.305 2 1 0
29221 -0.2475 0.2075 0.305 2 1 0
29223 -0.1175 0.2075 0.305 2 1 0
29228 0.2075 0.2075 0.305 2 1 0
29241 -0.28 0.24 0.305 2 1 0
29242 -0.215 0.24 0.305 2 1 0
29243 -0.15 0.24 0.305 2 1 0
29248 0.175 0.24 0.305 2 1 0
29249 0.24 0.24 0.305 2 1 0
29261 -0.3125 0.2725 0.305 2 1 0
29262 -0.2475 0.2725 0.305 2 1 0
29282 -0.28 0.305 0.305 2 1 0
29283 -0.215 0.305 0.305 2 1 0
29284 -0.15 0.305 0.305 2 1 0
29302 -0.3125 0.3375 0.305 2 1 0
29303 -0.2475 0.3375 0.305 2 1 0
29323 -0.28 0.37 0.305 2 1 0
29343 -0.3125 0.4025 0.305 2 1 0
29742 0.305 -0.3125 0.3375 2 1 0
29743 0.37 -0.3125 0.3375 2 1 0
29761 0.2075 -0.28 0.3375 2 1 0
29762 0.2725 -0.28 0.3375 2 1 0
29763 0.3375 -0.28 0.3375 2 1 0
29780 0.11 -0.2475 0.3375 2 1 0
29781 0.175 -0.2475 0.3375 2 1 0
29782 0.24 -0.2475 0.3375 2 1 0
29783 0.305 -0.2475 0.3375 2 1 0
29784 0.37 -0.2475 0.3375 2 1 0
29801 0.1425 -0.215 0.3375 2 1 0
29802 0.2075 -0.215 0.3375 2 1 0
29803 0.2725 -0.215 0.3375 2 1 0
29804 0.3375 -0.215 0.3375 2 1 0
29964 0.0775 0.045 0.3375 2 1 0
29965 0.1425 0.045 0.3375 2 1 0
29984 0.045 0.0775 0.3375 2 1 0
29985 0.11 0.0775 0.3375 2 1 0
30000 -0.2475 0.11 0.3375 2 1 0
30005 0.0775 0.11 0.3375 2 1 0
30021 -0.215 0.1425 0.3375 2 1 0
30025 0.045 0.1425 0.3375 2 1 0
30041 -0.2475 0.175 0.3375 2 1 0
30061 -0.28 0.2075 0.3375 2 1 0
30062 -0.215 0.2075 0.3375 2 1 0
30082 -0.2475 0.24 0.3375 2 1 0
30102 -0.28 0.2725 0.3375 2 1 0
30103 -0.215 0.2725 0.3375 2 1 0
30122 -0.3125 0.305 0.3375 2 1 0
30123 -0.2475 0.305 0.3375 2 1 0
30143 -0.28 0.3375 0.3375 2 1 0
30144 -0.215 0.3375 0.3375 2 1 0
30163 -0.3125 0.37 0.3375 2 1 0
30164 -0.2475 0.37 0.3375 2 1 0
30582 0.2725 -0.3125 0.37 2 1 0
30583 0.3375 -0.3125 0.37 2 1 0
30584 0.4025 -0.3125 0.37 2 1 0
30602 0.24 -0.28 0.37 2 1 0
30603 0.305 -0.28 0.37 2 1 0
30604 0.37 -0.28 0.37 2 1 0
30622 0.2075 -0.2475 0.37 2 1 0
30623 0.2725 -0.2475 0.37 2 1 0
30624 0.3375 -0.2475 0.37 2 1 0
30783 0.0125 0.0125 0.37 2 1 0
30784 0.0775 0.0125 0.37 2 1 0
30785 0.1425 0.0125 0.37 2 1 0
30804 0.045 0.045 0.37 2 1 0
30805 0.11 0.045 0.37 2 1 0
30806 0.175 0.045 0.37 2 1 0
30824 0.0125 0.0775 0.37 2 1 0
30825 0.0775 0.0775 0.37 2 1 0
30826 0.1425 0.0775 0.37 2 1 0
30845 0.045 0.11 0.37 2 1 0
30846 0.11 0.11 0.37 2 1 0
30865 0.0125 0.1425 0.37 2 1 0
30866 0.0775 0.1425 0.37 2 1 0
30886 0.045 0.175 0.37 2 1 0
30902 -0.2475 0.2075 0.37 2 1 0
30922 -0.28 0.24 0.37 2 1 0
30942 -0.3125 0.2725 0.37 2 1 0
30943 -0.2475 0.2725 0.37 2 1 0
30963 -0.28 0.305 0.37 2 1 0
30983 -0.3125 0.3375 0.37 2 1 0
30984 -0.2475 0.3375 0.37 2 1 0
31004 -0.28 0.37 0.37 2 1 0
31024 -0.3125 0.4025 0.37 2 1 0
31423 0.305 -0.3125 0.4025 2 1 0
31424 0.37 -0.3125 0.4025 2 1 0
31584 0.11 -0.0525 0.4025 2 1 0
31603 0.0125 -0.02 0.4025 2 1 0
31604 0.0775 -0.02 0.4025 2 1 0
31623 -0.02 0.0125 0.4025 2 1 0
31624 0.045 0.0125 0.4025 2 1 0
31625 0.11 0.0125 0.4025 2 1 0
31644 0.0125 0.045 0.4025 2 1 0
31645 0.0775 0.045 0.4025 2 1 0
31646 0.1425 0.045 0.4025 2 1 0
31664 -0.02 0.0775 0.4025 2 1 0
31665 0.045 0.0775 0.4025 2 1 0
31666 0.11 0.0775 0.4025 2 1 0
31684 -0.0525 0.11 0.4025 2 1 0
31685 0.0125 0.11 0.4025 2 1 0
31686 0.0775 0.11 0.4025 2 1 0
31706 0.045 0.1425 0.4025 2 1 0
31803 -0.3125 0.305 0.4025 2 1 0
31844 -0.3125 0.37 0.4025 2 1 0
32423 0.0125 -0.0525 0.435 2 1 0
32424 0.0775 -0.0525 0.435 2 1 0
32443 -0.02 -0.02 0.435 2 1 0
32444 0.045 -0.02 0.435 2 1 0
32463 -0.0525 0.0125 0.435 2 1 0
32464 0.0125 0.0125 0.435 2 1 0
32465 0.0775 0.0125 0.435 2 1 0
32484 -0.02 0.045 0.435 2 1 0
32485 0.045 0.045 0.435 2 1 0
32486 0.11 0.045 0.435 2 1 0
32504 -0.0525 0.0775 0.435 2 1 0
32505 0.0125 0.0775 0.435 2 1 0
32506 0.0775 0.0775 0.435 2 1 0
32526 0.045 0.11 0.435 2 1 0
32527 0.11 0.11 0.435 2 1 0
33264 0.045 -0.0525 0.4675 2 1 0
33284 0.0125 -0.02 0.4675 2 1 0
33304 -0.02 0.0125 0.4675 2 1 0
33305 0.045 0.0125 0.4675 2 1 0
33324 -0.0525 0.045 0.4675 2 1 0
33325 0.0125 0.045 0.4675 2 1 0
33326 0.0775 0.045 0.4675 2 1 0
33332 0.4675 0.045 0.4675 2 1 0
33346 0.045 0.0775 0.4675 2 1 0
33592 0.045 0.4675 0.4675 2 1 0
34145 0.0125 0.0125 0.5 2 1 0
